x-axis,1
second,Volt
-5.00000E-06,+19.74472310E-03
-4.99900E-06,+20.38793918E-03
-4.99800E-06,+19.74472310E-03
-4.99700E-06,+20.34773817E-03
-4.99600E-06,+20.38793918E-03
-4.99500E-06,+19.10150703E-03
-4.99400E-06,+17.81507488E-03
-4.99300E-06,+17.17185881E-03
-4.99200E-06,+15.88542666E-03
-4.99100E-06,+14.59899452E-03
-4.99000E-06,+13.91557744E-03
-4.98900E-06,+12.66934630E-03
-4.98800E-06,+12.02613022E-03
-4.98700E-06,+11.98592922E-03
-4.98600E-06,+10.73969807E-03
-4.98500E-06,+10.09648200E-03
-4.98400E-06,+10.73969807E-03
-4.98300E-06,+10.73969807E-03
-4.98200E-06,+11.34271314E-03
-4.98100E-06,+11.34271314E-03
-4.98000E-06,+11.34271314E-03
-4.97900E-06,+10.69949707E-03
-4.97800E-06,+11.38291415E-03
-4.97700E-06,+10.09648200E-03
-4.97600E-06,+11.34271314E-03
-4.97500E-06,+11.98592922E-03
-4.97400E-06,+12.62914529E-03
-4.97300E-06,+13.91557744E-03
-4.97200E-06,+13.31256237E-03
-4.97100E-06,+13.91557744E-03
-4.97000E-06,+13.91557744E-03
-4.96900E-06,+13.31256237E-03
-4.96800E-06,+13.31256237E-03
-4.96700E-06,+12.66934630E-03
-4.96600E-06,+12.62914529E-03
-4.96500E-06,+10.73969807E-03
-4.96400E-06,+9.45326593E-03
-4.96300E-06,+8.81004985E-03
-4.96200E-06,+7.52361771E-03
-4.96100E-06,+6.88040163E-03
-4.96000E-06,+6.88040163E-03
-4.95900E-06,+6.84020063E-03
-4.95800E-06,+6.19698456E-03
-4.95700E-06,+4.95075341E-03
-4.95600E-06,+4.30753734E-03
-4.95500E-06,+3.66432127E-03
-4.95400E-06,+2.37788912E-03
-4.95300E-06,+1.09145697E-03
-4.95200E-06,+1.69447204E-03
-4.95100E-06,+1.09145697E-03
-4.95000E-06,+2.33768811E-03
-4.94900E-06,+1.73467305E-03
-4.94800E-06,+1.73467305E-03
-4.94700E-06,+1.73467305E-03
-4.94600E-06,+1.73467305E-03
-4.94500E-06,+1.09145697E-03
-4.94400E-06,+1.69447204E-03
-4.94300E-06,+1.73467305E-03
-4.94200E-06,+1.69447204E-03
-4.94100E-06,+2.33768811E-03
-4.94000E-06,+2.37788912E-03
-4.93900E-06,+2.37788912E-03
-4.93800E-06,+1.73467305E-03
-4.93700E-06,+1.73467305E-03
-4.93600E-06,+2.37788912E-03
-4.93500E-06,+2.37788912E-03
-4.93400E-06,+2.33768811E-03
-4.93300E-06,+448.24090E-06
-4.93200E-06,-194.97517E-06
-4.93100E-06,-838.19125E-06
-4.93000E-06,-1.48140732E-03
-4.92900E-06,-2.76783947E-03
-4.92800E-06,-2.16482440E-03
-4.92700E-06,-2.76783947E-03
-4.92600E-06,-3.45125655E-03
-4.92500E-06,-4.05427162E-03
-4.92400E-06,-5.34070376E-03
-4.92300E-06,-5.98391984E-03
-4.92200E-06,-6.62713591E-03
-4.92100E-06,-7.27035198E-03
-4.92000E-06,-7.27035198E-03
-4.91900E-06,-7.31055299E-03
-4.91800E-06,-7.31055299E-03
-4.91700E-06,-7.91356806E-03
-4.91600E-06,-7.95376906E-03
-4.91500E-06,-8.59698514E-03
-4.91400E-06,-8.59698514E-03
-4.91300E-06,-9.20000020E-03
-4.91200E-06,-9.20000020E-03
-4.91100E-06,-8.55678413E-03
-4.91000E-06,-8.55678413E-03
-4.90900E-06,-8.55678413E-03
-4.90800E-06,-8.55678413E-03
-4.90700E-06,-8.55678413E-03
-4.90600E-06,-8.55678413E-03
-4.90500E-06,-9.20000020E-03
-4.90400E-06,-8.59698514E-03
-4.90300E-06,-8.59698514E-03
-4.90200E-06,-8.55678413E-03
-4.90100E-06,-8.59698514E-03
-4.90000E-06,-8.55678413E-03
-4.89900E-06,-8.59698514E-03
-4.89800E-06,-9.20000020E-03
-4.89700E-06,-10.44623135E-03
-4.89600E-06,-9.84321628E-03
-4.89500E-06,-10.48643235E-03
-4.89400E-06,-9.84321628E-03
-4.89300E-06,-11.12964842E-03
-4.89200E-06,-11.73266349E-03
-4.89100E-06,-12.41608057E-03
-4.89000E-06,-12.41608057E-03
-4.88900E-06,-13.01909564E-03
-4.88800E-06,-13.05929665E-03
-4.88700E-06,-13.66231171E-03
-4.88600E-06,-13.05929665E-03
-4.88500E-06,-13.70251272E-03
-4.88400E-06,-13.70251272E-03
-4.88300E-06,-14.98894487E-03
-4.88200E-06,-14.98894487E-03
-4.88100E-06,-15.63216094E-03
-4.88000E-06,-15.63216094E-03
-4.87900E-06,-15.59195993E-03
-4.87800E-06,-15.63216094E-03
-4.87700E-06,-16.23517601E-03
-4.87600E-06,-16.27537701E-03
-4.87500E-06,-17.52160816E-03
-4.87400E-06,-19.45125638E-03
-4.87300E-06,-20.09447245E-03
-4.87200E-06,-20.13467345E-03
-4.87100E-06,-20.77788953E-03
-4.87000E-06,-20.13467345E-03
-4.86900E-06,-20.77788953E-03
-4.86800E-06,-20.77788953E-03
-4.86700E-06,-19.49145738E-03
-4.86600E-06,-17.56180916E-03
-4.86500E-06,-15.63216094E-03
-4.86400E-06,-13.05929665E-03
-4.86300E-06,-10.48643235E-03
-4.86200E-06,-7.95376906E-03
-4.86100E-06,-6.66733691E-03
-4.86000E-06,-6.02412084E-03
-4.85900E-06,-5.98391984E-03
-4.85800E-06,-5.98391984E-03
-4.85700E-06,-5.34070376E-03
-4.85600E-06,-4.73768869E-03
-4.85500E-06,-4.05427162E-03
-4.85400E-06,-3.41105554E-03
-4.85300E-06,-2.16482440E-03
-4.85200E-06,-2.16482440E-03
-4.85100E-06,-2.16482440E-03
-4.85000E-06,-2.76783947E-03
-4.84900E-06,-4.69748769E-03
-4.84800E-06,-4.05427162E-03
-4.84700E-06,-5.34070376E-03
-4.84600E-06,-6.62713591E-03
-4.84500E-06,-8.55678413E-03
-4.84400E-06,-9.80301527E-03
-4.84300E-06,-11.12964842E-03
-4.84200E-06,-11.77286450E-03
-4.84100E-06,-14.30552779E-03
-4.84000E-06,-13.05929665E-03
-4.83900E-06,-11.77286450E-03
-4.83800E-06,-11.77286450E-03
-4.83700E-06,-10.48643235E-03
-4.83600E-06,-9.84321628E-03
-4.83500E-06,-9.84321628E-03
-4.83400E-06,-9.20000020E-03
-4.83300E-06,-8.55678413E-03
-4.83200E-06,-7.31055299E-03
-4.83100E-06,-6.02412084E-03
-4.83000E-06,-4.73768869E-03
-4.82900E-06,-3.45125655E-03
-4.82800E-06,-1.52160833E-03
-4.82700E-06,-235.17618E-06
-4.82600E-06,+1.05125597E-03
-4.82500E-06,+2.33768811E-03
-4.82400E-06,+4.26733634E-03
-4.82300E-06,+6.19698456E-03
-4.82200E-06,+7.48341670E-03
-4.82100E-06,+8.12663278E-03
-4.82000E-06,+8.12663278E-03
-4.81900E-06,+8.16683378E-03
-4.81800E-06,+9.41306492E-03
-4.81700E-06,+8.16683378E-03
-4.81600E-06,+10.05628100E-03
-4.81500E-06,+10.09648200E-03
-4.81400E-06,+10.69949707E-03
-4.81300E-06,+10.73969807E-03
-4.81200E-06,+10.09648200E-03
-4.81100E-06,+10.05628100E-03
-4.81000E-06,+9.45326593E-03
-4.80900E-06,+7.52361771E-03
-4.80800E-06,+8.12663278E-03
-4.80700E-06,+8.16683378E-03
-4.80600E-06,+8.12663278E-03
-4.80500E-06,+8.16683378E-03
-4.80400E-06,+8.76984885E-03
-4.80300E-06,+8.12663278E-03
-4.80200E-06,+9.41306492E-03
-4.80100E-06,+8.81004985E-03
-4.80000E-06,+9.45326593E-03
-4.79900E-06,+10.73969807E-03
-4.79800E-06,+11.34271314E-03
-4.79700E-06,+12.62914529E-03
-4.79600E-06,+13.31256237E-03
-4.79500E-06,+13.91557744E-03
-4.79400E-06,+13.95577844E-03
-4.79300E-06,+15.20200958E-03
-4.79200E-06,+15.84522566E-03
-4.79100E-06,+16.48844173E-03
-4.79000E-06,+17.77487388E-03
-4.78900E-06,+18.41808995E-03
-4.78800E-06,+19.06130603E-03
-4.78700E-06,+18.45829096E-03
-4.78600E-06,+17.81507488E-03
-4.78500E-06,+18.45829096E-03
-4.78400E-06,+18.41808995E-03
-4.78300E-06,+17.81507488E-03
-4.78200E-06,+17.77487388E-03
-4.78100E-06,+17.81507488E-03
-4.78000E-06,+17.13165781E-03
-4.77900E-06,+16.52864274E-03
-4.77800E-06,+16.52864274E-03
-4.77700E-06,+16.52864274E-03
-4.77600E-06,+15.88542666E-03
-4.77500E-06,+17.13165781E-03
-4.77400E-06,+17.13165781E-03
-4.77300E-06,+17.13165781E-03
-4.77200E-06,+16.52864274E-03
-4.77100E-06,+15.88542666E-03
-4.77000E-06,+15.88542666E-03
-4.76900E-06,+15.88542666E-03
-4.76800E-06,+16.48844173E-03
-4.76700E-06,+17.81507488E-03
-4.76600E-06,+17.77487388E-03
-4.76500E-06,+18.41808995E-03
-4.76400E-06,+19.06130603E-03
-4.76300E-06,+19.70452210E-03
-4.76200E-06,+20.34773817E-03
-4.76100E-06,+20.38793918E-03
-4.76000E-06,+21.03115525E-03
-4.75900E-06,+22.27738639E-03
-4.75800E-06,+22.27738639E-03
-4.75700E-06,+22.31758740E-03
-4.75600E-06,+22.96080347E-03
-4.75500E-06,+23.56381854E-03
-4.75400E-06,+22.96080347E-03
-4.75300E-06,+22.96080347E-03
-4.75200E-06,+23.56381854E-03
-4.75100E-06,+24.20703461E-03
-4.75000E-06,+23.56381854E-03
-4.74900E-06,+22.96080347E-03
-4.74800E-06,+22.96080347E-03
-4.74700E-06,+21.67437132E-03
-4.74600E-06,+21.67437132E-03
-4.74500E-06,+21.03115525E-03
-4.74400E-06,+20.38793918E-03
-4.74300E-06,+20.38793918E-03
-4.74200E-06,+20.34773817E-03
-4.74100E-06,+19.74472310E-03
-4.74000E-06,+19.70452210E-03
-4.73900E-06,+19.10150703E-03
-4.73800E-06,+19.06130603E-03
-4.73700E-06,+17.17185881E-03
-4.73600E-06,+17.81507488E-03
-4.73500E-06,+17.17185881E-03
-4.73400E-06,+17.13165781E-03
-4.73300E-06,+17.17185881E-03
-4.73200E-06,+17.13165781E-03
-4.73100E-06,+16.48844173E-03
-4.73000E-06,+15.24221059E-03
-4.72900E-06,+15.24221059E-03
-4.72800E-06,+15.84522566E-03
-4.72700E-06,+15.24221059E-03
-4.72600E-06,+14.59899452E-03
-4.72500E-06,+14.59899452E-03
-4.72400E-06,+14.59899452E-03
-4.72300E-06,+13.95577844E-03
-4.72200E-06,+12.66934630E-03
-4.72100E-06,+12.66934630E-03
-4.72000E-06,+12.66934630E-03
-4.71900E-06,+12.66934630E-03
-4.71800E-06,+12.62914529E-03
-4.71700E-06,+12.02613022E-03
-4.71600E-06,+12.02613022E-03
-4.71500E-06,+11.34271314E-03
-4.71400E-06,+10.09648200E-03
-4.71300E-06,+10.09648200E-03
-4.71200E-06,+9.45326593E-03
-4.71100E-06,+8.81004985E-03
-4.71000E-06,+8.76984885E-03
-4.70900E-06,+7.52361771E-03
-4.70800E-06,+6.88040163E-03
-4.70700E-06,+6.88040163E-03
-4.70600E-06,+5.59396949E-03
-4.70500E-06,+4.95075341E-03
-4.70400E-06,+4.95075341E-03
-4.70300E-06,+5.55376848E-03
-4.70200E-06,+4.30753734E-03
-4.70100E-06,+3.66432127E-03
-4.70000E-06,+3.02110519E-03
-4.69900E-06,+2.37788912E-03
-4.69800E-06,+2.37788912E-03
-4.69700E-06,+1.73467305E-03
-4.69600E-06,+1.69447204E-03
-4.69500E-06,+1.73467305E-03
-4.69400E-06,+1.09145697E-03
-4.69300E-06,+1.09145697E-03
-4.69200E-06,+1.09145697E-03
-4.69100E-06,-194.97517E-06
-4.69000E-06,-194.97517E-06
-4.68900E-06,-838.19125E-06
-4.68800E-06,-878.39225E-06
-4.68700E-06,-1.48140732E-03
-4.68600E-06,-878.39225E-06
-4.68500E-06,-1.48140732E-03
-4.68400E-06,-1.48140732E-03
-4.68300E-06,-2.12462340E-03
-4.68200E-06,-2.12462340E-03
-4.68100E-06,-3.41105554E-03
-4.68000E-06,-2.80804047E-03
-4.67900E-06,-2.76783947E-03
-4.67800E-06,-2.80804047E-03
-4.67700E-06,-3.41105554E-03
-4.67600E-06,-4.05427162E-03
-4.67500E-06,-4.05427162E-03
-4.67400E-06,-4.69748769E-03
-4.67300E-06,-5.34070376E-03
-4.67200E-06,-4.73768869E-03
-4.67100E-06,-4.73768869E-03
-4.67000E-06,-5.34070376E-03
-4.66900E-06,-5.98391984E-03
-4.66800E-06,-6.62713591E-03
-4.66700E-06,-7.27035198E-03
-4.66600E-06,-7.91356806E-03
-4.66500E-06,-8.55678413E-03
-4.66400E-06,-7.95376906E-03
-4.66300E-06,-7.95376906E-03
-4.66200E-06,-8.55678413E-03
-4.66100E-06,-8.55678413E-03
-4.66000E-06,-9.20000020E-03
-4.65900E-06,-9.84321628E-03
-4.65800E-06,-9.84321628E-03
-4.65700E-06,-11.08944742E-03
-4.65600E-06,-10.48643235E-03
-4.65500E-06,-10.48643235E-03
-4.65400E-06,-11.12964842E-03
-4.65300E-06,-11.12964842E-03
-4.65200E-06,-11.77286450E-03
-4.65100E-06,-11.12964842E-03
-4.65000E-06,-11.73266349E-03
-4.64900E-06,-12.37587957E-03
-4.64800E-06,-11.77286450E-03
-4.64700E-06,-11.77286450E-03
-4.64600E-06,-11.77286450E-03
-4.64500E-06,-11.77286450E-03
-4.64400E-06,-12.41608057E-03
-4.64300E-06,-12.41608057E-03
-4.64200E-06,-13.05929665E-03
-4.64100E-06,-14.30552779E-03
-4.64000E-06,-13.70251272E-03
-4.63900E-06,-13.70251272E-03
-4.63800E-06,-13.70251272E-03
-4.63700E-06,-14.30552779E-03
-4.63600E-06,-14.30552779E-03
-4.63500E-06,-14.34572879E-03
-4.63400E-06,-14.98894487E-03
-4.63300E-06,-16.23517601E-03
-4.63200E-06,-15.63216094E-03
-4.63100E-06,-15.63216094E-03
-4.63000E-06,-15.63216094E-03
-4.62900E-06,-14.98894487E-03
-4.62800E-06,-14.98894487E-03
-4.62700E-06,-14.98894487E-03
-4.62600E-06,-15.59195993E-03
-4.62500E-06,-16.23517601E-03
-4.62400E-06,-15.63216094E-03
-4.62300E-06,-14.98894487E-03
-4.62200E-06,-14.98894487E-03
-4.62100E-06,-14.34572879E-03
-4.62000E-06,-14.34572879E-03
-4.61900E-06,-13.70251272E-03
-4.61800E-06,-13.70251272E-03
-4.61700E-06,-14.30552779E-03
-4.61600E-06,-13.05929665E-03
-4.61500E-06,-12.41608057E-03
-4.61400E-06,-12.41608057E-03
-4.61300E-06,-11.77286450E-03
-4.61200E-06,-11.77286450E-03
-4.61100E-06,-11.12964842E-03
-4.61000E-06,-11.73266349E-03
-4.60900E-06,-11.12964842E-03
-4.60800E-06,-9.84321628E-03
-4.60700E-06,-9.20000020E-03
-4.60600E-06,-9.20000020E-03
-4.60500E-06,-9.20000020E-03
-4.60400E-06,-8.59698514E-03
-4.60300E-06,-8.55678413E-03
-4.60200E-06,-8.55678413E-03
-4.60100E-06,-8.55678413E-03
-4.60000E-06,-7.91356806E-03
-4.59900E-06,-7.27035198E-03
-4.59800E-06,-6.62713591E-03
-4.59700E-06,-6.62713591E-03
-4.59600E-06,-5.38090477E-03
-4.59500E-06,-5.98391984E-03
-4.59400E-06,-5.38090477E-03
-4.59300E-06,-5.34070376E-03
-4.59200E-06,-4.09447262E-03
-4.59100E-06,-3.45125655E-03
-4.59000E-06,-2.80804047E-03
-4.58900E-06,-2.76783947E-03
-4.58800E-06,-2.16482440E-03
-4.58700E-06,-2.12462340E-03
-4.58600E-06,-1.52160833E-03
-4.58500E-06,-1.48140732E-03
-4.58400E-06,-878.39225E-06
-4.58300E-06,+408.03989E-06
-4.58200E-06,+1.05125597E-03
-4.58100E-06,+1.69447204E-03
-4.58000E-06,+1.73467305E-03
-4.57900E-06,+2.33768811E-03
-4.57800E-06,+2.37788912E-03
-4.57700E-06,+2.37788912E-03
-4.57600E-06,+2.98090419E-03
-4.57500E-06,+3.66432127E-03
-4.57400E-06,+3.66432127E-03
-4.57300E-06,+4.91055241E-03
-4.57200E-06,+4.95075341E-03
-4.57100E-06,+5.55376848E-03
-4.57000E-06,+4.95075341E-03
-4.56900E-06,+4.95075341E-03
-4.56800E-06,+5.59396949E-03
-4.56700E-06,+6.84020063E-03
-4.56600E-06,+6.19698456E-03
-4.56500E-06,+6.84020063E-03
-4.56400E-06,+7.52361771E-03
-4.56300E-06,+7.48341670E-03
-4.56200E-06,+7.48341670E-03
-4.56100E-06,+7.52361771E-03
-4.56000E-06,+8.12663278E-03
-4.55900E-06,+8.76984885E-03
-4.55800E-06,+8.76984885E-03
-4.55700E-06,+8.81004985E-03
-4.55600E-06,+9.41306492E-03
-4.55500E-06,+9.45326593E-03
-4.55400E-06,+9.45326593E-03
-4.55300E-06,+9.45326593E-03
-4.55200E-06,+10.09648200E-03
-4.55100E-06,+11.34271314E-03
-4.55000E-06,+11.98592922E-03
-4.54900E-06,+12.62914529E-03
-4.54800E-06,+12.66934630E-03
-4.54700E-06,+12.62914529E-03
-4.54600E-06,+12.02613022E-03
-4.54500E-06,+12.02613022E-03
-4.54400E-06,+12.66934630E-03
-4.54300E-06,+12.66934630E-03
-4.54200E-06,+13.91557744E-03
-4.54100E-06,+13.91557744E-03
-4.54000E-06,+14.55879351E-03
-4.53900E-06,+14.55879351E-03
-4.53800E-06,+14.55879351E-03
-4.53700E-06,+14.59899452E-03
-4.53600E-06,+14.59899452E-03
-4.53500E-06,+14.59899452E-03
-4.53400E-06,+14.59899452E-03
-4.53300E-06,+14.59899452E-03
-4.53200E-06,+14.59899452E-03
-4.53100E-06,+14.59899452E-03
-4.53000E-06,+15.20200958E-03
-4.52900E-06,+14.59899452E-03
-4.52800E-06,+15.20200958E-03
-4.52700E-06,+15.84522566E-03
-4.52600E-06,+16.48844173E-03
-4.52500E-06,+16.48844173E-03
-4.52400E-06,+16.52864274E-03
-4.52300E-06,+16.48844173E-03
-4.52200E-06,+15.84522566E-03
-4.52100E-06,+15.88542666E-03
-4.52000E-06,+15.84522566E-03
-4.51900E-06,+15.88542666E-03
-4.51800E-06,+16.48844173E-03
-4.51700E-06,+16.52864274E-03
-4.51600E-06,+16.52864274E-03
-4.51500E-06,+16.48844173E-03
-4.51400E-06,+16.52864274E-03
-4.51300E-06,+15.88542666E-03
-4.51200E-06,+15.24221059E-03
-4.51100E-06,+15.84522566E-03
-4.51000E-06,+15.84522566E-03
-4.50900E-06,+16.48844173E-03
-4.50800E-06,+17.13165781E-03
-4.50700E-06,+16.48844173E-03
-4.50600E-06,+15.88542666E-03
-4.50500E-06,+15.88542666E-03
-4.50400E-06,+15.24221059E-03
-4.50300E-06,+15.84522566E-03
-4.50200E-06,+15.24221059E-03
-4.50100E-06,+15.24221059E-03
-4.50000E-06,+15.20200958E-03
-4.49900E-06,+13.95577844E-03
-4.49800E-06,+13.95577844E-03
-4.49700E-06,+13.31256237E-03
-4.49600E-06,+13.31256237E-03
-4.49500E-06,+13.95577844E-03
-4.49400E-06,+13.27236136E-03
-4.49300E-06,+12.66934630E-03
-4.49200E-06,+12.66934630E-03
-4.49100E-06,+12.02613022E-03
-4.49000E-06,+11.38291415E-03
-4.48900E-06,+10.73969807E-03
-4.48800E-06,+10.73969807E-03
-4.48700E-06,+10.73969807E-03
-4.48600E-06,+10.73969807E-03
-4.48500E-06,+9.45326593E-03
-4.48400E-06,+9.45326593E-03
-4.48300E-06,+8.81004985E-03
-4.48200E-06,+8.16683378E-03
-4.48100E-06,+7.52361771E-03
-4.48000E-06,+7.48341670E-03
-4.47900E-06,+7.52361771E-03
-4.47800E-06,+6.23718556E-03
-4.47700E-06,+6.23718556E-03
-4.47600E-06,+4.95075341E-03
-4.47500E-06,+4.95075341E-03
-4.47400E-06,+4.30753734E-03
-4.47300E-06,+3.66432127E-03
-4.47200E-06,+3.02110519E-03
-4.47100E-06,+3.02110519E-03
-4.47000E-06,+2.98090419E-03
-4.46900E-06,+2.98090419E-03
-4.46800E-06,+2.37788912E-03
-4.46700E-06,+1.09145697E-03
-4.46600E-06,+448.24090E-06
-4.46500E-06,-194.97517E-06
-4.46400E-06,-194.97517E-06
-4.46300E-06,-194.97517E-06
-4.46200E-06,-838.19125E-06
-4.46100E-06,-1.48140732E-03
-4.46000E-06,-1.48140732E-03
-4.45900E-06,-2.12462340E-03
-4.45800E-06,-2.12462340E-03
-4.45700E-06,-3.41105554E-03
-4.45600E-06,-3.45125655E-03
-4.45500E-06,-4.05427162E-03
-4.45400E-06,-4.05427162E-03
-4.45300E-06,-4.05427162E-03
-4.45200E-06,-4.69748769E-03
-4.45100E-06,-4.73768869E-03
-4.45000E-06,-6.62713591E-03
-4.44900E-06,-6.62713591E-03
-4.44800E-06,-6.62713591E-03
-4.44700E-06,-7.27035198E-03
-4.44600E-06,-6.62713591E-03
-4.44500E-06,-7.27035198E-03
-4.44400E-06,-7.91356806E-03
-4.44300E-06,-8.55678413E-03
-4.44200E-06,-9.20000020E-03
-4.44100E-06,-9.20000020E-03
-4.44000E-06,-9.20000020E-03
-4.43900E-06,-8.59698514E-03
-4.43800E-06,-9.80301527E-03
-4.43700E-06,-10.44623135E-03
-4.43600E-06,-10.48643235E-03
-4.43500E-06,-11.12964842E-03
-4.43400E-06,-11.12964842E-03
-4.43300E-06,-12.37587957E-03
-4.43200E-06,-12.41608057E-03
-4.43100E-06,-11.77286450E-03
-4.43000E-06,-12.41608057E-03
-4.42900E-06,-11.77286450E-03
-4.42800E-06,-13.01909564E-03
-4.42700E-06,-13.66231171E-03
-4.42600E-06,-13.70251272E-03
-4.42500E-06,-14.30552779E-03
-4.42400E-06,-13.70251272E-03
-4.42300E-06,-13.70251272E-03
-4.42200E-06,-14.94874386E-03
-4.42100E-06,-14.98894487E-03
-4.42000E-06,-14.98894487E-03
-4.41900E-06,-14.98894487E-03
-4.41800E-06,-15.63216094E-03
-4.41700E-06,-17.52160816E-03
-4.41600E-06,-16.91859309E-03
-4.41500E-06,-16.91859309E-03
-4.41400E-06,-16.91859309E-03
-4.41300E-06,-17.56180916E-03
-4.41200E-06,-17.56180916E-03
-4.41100E-06,-18.20502523E-03
-4.41000E-06,-18.84824131E-03
-4.40900E-06,-19.45125638E-03
-4.40800E-06,-20.13467345E-03
-4.40700E-06,-19.49145738E-03
-4.40600E-06,-19.49145738E-03
-4.40500E-06,-20.13467345E-03
-4.40400E-06,-20.77788953E-03
-4.40300E-06,-20.77788953E-03
-4.40200E-06,-21.38090460E-03
-4.40100E-06,-22.02412067E-03
-4.40000E-06,-21.42110560E-03
-4.39900E-06,-21.42110560E-03
-4.39800E-06,-22.06432167E-03
-4.39700E-06,-22.06432167E-03
-4.39600E-06,-22.02412067E-03
-4.39500E-06,-22.70753775E-03
-4.39400E-06,-22.70753775E-03
-4.39300E-06,-22.70753775E-03
-4.39200E-06,-22.06432167E-03
-4.39100E-06,-22.66733674E-03
-4.39000E-06,-22.06432167E-03
-4.38900E-06,-22.70753775E-03
-4.38800E-06,-22.06432167E-03
-4.38700E-06,-22.06432167E-03
-4.38600E-06,-22.70753775E-03
-4.38500E-06,-22.70753775E-03
-4.38400E-06,-22.06432167E-03
-4.38300E-06,-21.42110560E-03
-4.38200E-06,-21.42110560E-03
-4.38100E-06,-21.42110560E-03
-4.38000E-06,-22.06432167E-03
-4.37900E-06,-21.42110560E-03
-4.37800E-06,-22.06432167E-03
-4.37700E-06,-22.06432167E-03
-4.37600E-06,-21.42110560E-03
-4.37500E-06,-20.77788953E-03
-4.37400E-06,-20.13467345E-03
-4.37300E-06,-20.73768852E-03
-4.37200E-06,-20.13467345E-03
-4.37100E-06,-20.09447245E-03
-4.37000E-06,-20.13467345E-03
-4.36900E-06,-20.13467345E-03
-4.36800E-06,-19.49145738E-03
-4.36700E-06,-18.84824131E-03
-4.36600E-06,-18.84824131E-03
-4.36500E-06,-17.56180916E-03
-4.36400E-06,-17.56180916E-03
-4.36300E-06,-17.56180916E-03
-4.36200E-06,-16.27537701E-03
-4.36100E-06,-16.87839208E-03
-4.36000E-06,-16.27537701E-03
-4.35900E-06,-15.63216094E-03
-4.35800E-06,-14.98894487E-03
-4.35700E-06,-14.34572879E-03
-4.35600E-06,-14.34572879E-03
-4.35500E-06,-13.70251272E-03
-4.35400E-06,-13.05929665E-03
-4.35300E-06,-13.01909564E-03
-4.35200E-06,-12.41608057E-03
-4.35100E-06,-11.77286450E-03
-4.35000E-06,-10.48643235E-03
-4.34900E-06,-10.48643235E-03
-4.34800E-06,-10.48643235E-03
-4.34700E-06,-9.84321628E-03
-4.34600E-06,-9.20000020E-03
-4.34500E-06,-9.80301527E-03
-4.34400E-06,-9.20000020E-03
-4.34300E-06,-7.95376906E-03
-4.34200E-06,-7.91356806E-03
-4.34100E-06,-6.66733691E-03
-4.34000E-06,-6.62713591E-03
-4.33900E-06,-6.62713591E-03
-4.33800E-06,-6.62713591E-03
-4.33700E-06,-6.62713591E-03
-4.33600E-06,-5.98391984E-03
-4.33500E-06,-5.34070376E-03
-4.33400E-06,-4.73768869E-03
-4.33300E-06,-4.73768869E-03
-4.33200E-06,-4.05427162E-03
-4.33100E-06,-4.09447262E-03
-4.33000E-06,-4.09447262E-03
-4.32900E-06,-4.05427162E-03
-4.32800E-06,-3.45125655E-03
-4.32700E-06,-2.80804047E-03
-4.32600E-06,-2.16482440E-03
-4.32500E-06,-1.52160833E-03
-4.32400E-06,-878.39225E-06
-4.32300E-06,-878.39225E-06
-4.32200E-06,-878.39225E-06
-4.32100E-06,-838.19125E-06
-4.32000E-06,-838.19125E-06
-4.31900E-06,-235.17618E-06
-4.31800E-06,+1.05125597E-03
-4.31700E-06,+1.09145697E-03
-4.31600E-06,+1.73467305E-03
-4.31500E-06,+1.69447204E-03
-4.31400E-06,+1.73467305E-03
-4.31300E-06,+1.73467305E-03
-4.31200E-06,+2.33768811E-03
-4.31100E-06,+2.37788912E-03
-4.31000E-06,+3.62412026E-03
-4.30900E-06,+4.26733634E-03
-4.30800E-06,+3.66432127E-03
-4.30700E-06,+3.62412026E-03
-4.30600E-06,+3.66432127E-03
-4.30500E-06,+3.66432127E-03
-4.30400E-06,+3.62412026E-03
-4.30300E-06,+4.26733634E-03
-4.30200E-06,+4.91055241E-03
-4.30100E-06,+4.95075341E-03
-4.30000E-06,+4.95075341E-03
-4.29900E-06,+4.95075341E-03
-4.29800E-06,+4.91055241E-03
-4.29700E-06,+4.95075341E-03
-4.29600E-06,+4.95075341E-03
-4.29500E-06,+5.59396949E-03
-4.29400E-06,+6.19698456E-03
-4.29300E-06,+6.84020063E-03
-4.29200E-06,+6.88040163E-03
-4.29100E-06,+6.84020063E-03
-4.29000E-06,+6.23718556E-03
-4.28900E-06,+6.23718556E-03
-4.28800E-06,+7.48341670E-03
-4.28700E-06,+8.12663278E-03
-4.28600E-06,+8.12663278E-03
-4.28500E-06,+8.16683378E-03
-4.28400E-06,+8.16683378E-03
-4.28300E-06,+8.76984885E-03
-4.28200E-06,+8.76984885E-03
-4.28100E-06,+7.52361771E-03
-4.28000E-06,+8.81004985E-03
-4.27900E-06,+9.41306492E-03
-4.27800E-06,+8.81004985E-03
-4.27700E-06,+8.81004985E-03
-4.27600E-06,+9.41306492E-03
-4.27500E-06,+9.41306492E-03
-4.27400E-06,+8.81004985E-03
-4.27300E-06,+8.16683378E-03
-4.27200E-06,+8.12663278E-03
-4.27100E-06,+8.76984885E-03
-4.27000E-06,+9.41306492E-03
-4.26900E-06,+9.41306492E-03
-4.26800E-06,+8.81004985E-03
-4.26700E-06,+8.81004985E-03
-4.26600E-06,+8.81004985E-03
-4.26500E-06,+7.52361771E-03
-4.26400E-06,+8.16683378E-03
-4.26300E-06,+8.12663278E-03
-4.26200E-06,+8.12663278E-03
-4.26100E-06,+7.52361771E-03
-4.26000E-06,+6.88040163E-03
-4.25900E-06,+6.88040163E-03
-4.25800E-06,+6.23718556E-03
-4.25700E-06,+5.59396949E-03
-4.25600E-06,+5.59396949E-03
-4.25500E-06,+6.19698456E-03
-4.25400E-06,+5.59396949E-03
-4.25300E-06,+4.95075341E-03
-4.25200E-06,+4.95075341E-03
-4.25100E-06,+4.30753734E-03
-4.25000E-06,+4.30753734E-03
-4.24900E-06,+3.02110519E-03
-4.24800E-06,+2.98090419E-03
-4.24700E-06,+3.02110519E-03
-4.24600E-06,+2.98090419E-03
-4.24500E-06,+2.37788912E-03
-4.24400E-06,+1.73467305E-03
-4.24300E-06,+1.09145697E-03
-4.24200E-06,+1.09145697E-03
-4.24100E-06,-194.97517E-06
-4.24000E-06,-194.97517E-06
-4.23900E-06,-194.97517E-06
-4.23800E-06,+408.03989E-06
-4.23700E-06,-838.19125E-06
-4.23600E-06,-838.19125E-06
-4.23500E-06,-2.12462340E-03
-4.23400E-06,-2.12462340E-03
-4.23300E-06,-3.41105554E-03
-4.23200E-06,-3.45125655E-03
-4.23100E-06,-4.05427162E-03
-4.23000E-06,-4.09447262E-03
-4.22900E-06,-4.69748769E-03
-4.22800E-06,-4.69748769E-03
-4.22700E-06,-5.34070376E-03
-4.22600E-06,-6.62713591E-03
-4.22500E-06,-7.27035198E-03
-4.22400E-06,-7.31055299E-03
-4.22300E-06,-7.31055299E-03
-4.22200E-06,-7.95376906E-03
-4.22100E-06,-8.55678413E-03
-4.22000E-06,-8.55678413E-03
-4.21900E-06,-9.20000020E-03
-4.21800E-06,-9.84321628E-03
-4.21700E-06,-11.08944742E-03
-4.21600E-06,-11.12964842E-03
-4.21500E-06,-11.12964842E-03
-4.21400E-06,-11.12964842E-03
-4.21300E-06,-11.77286450E-03
-4.21200E-06,-12.37587957E-03
-4.21100E-06,-12.41608057E-03
-4.21000E-06,-13.01909564E-03
-4.20900E-06,-13.66231171E-03
-4.20800E-06,-13.70251272E-03
-4.20700E-06,-13.70251272E-03
-4.20600E-06,-13.70251272E-03
-4.20500E-06,-14.30552779E-03
-4.20400E-06,-14.34572879E-03
-4.20300E-06,-14.98894487E-03
-4.20200E-06,-14.98894487E-03
-4.20100E-06,-16.23517601E-03
-4.20000E-06,-16.27537701E-03
-4.19900E-06,-15.63216094E-03
-4.19800E-06,-16.27537701E-03
-4.19700E-06,-16.87839208E-03
-4.19600E-06,-16.91859309E-03
-4.19500E-06,-16.91859309E-03
-4.19400E-06,-18.16482423E-03
-4.19300E-06,-18.80804030E-03
-4.19200E-06,-18.84824131E-03
-4.19100E-06,-18.20502523E-03
-4.19000E-06,-19.45125638E-03
-4.18900E-06,-19.49145738E-03
-4.18800E-06,-20.09447245E-03
-4.18700E-06,-20.13467345E-03
-4.18600E-06,-20.13467345E-03
-4.18500E-06,-21.38090460E-03
-4.18400E-06,-20.77788953E-03
-4.18300E-06,-20.77788953E-03
-4.18200E-06,-21.42110560E-03
-4.18100E-06,-22.06432167E-03
-4.18000E-06,-22.06432167E-03
-4.17900E-06,-22.70753775E-03
-4.17800E-06,-22.70753775E-03
-4.17700E-06,-23.95376889E-03
-4.17600E-06,-23.35075382E-03
-4.17500E-06,-23.31055282E-03
-4.17400E-06,-23.35075382E-03
-4.17300E-06,-23.35075382E-03
-4.17200E-06,-23.95376889E-03
-4.17100E-06,-24.63718597E-03
-4.17000E-06,-25.28040204E-03
-4.16900E-06,-26.52663318E-03
-4.16800E-06,-25.28040204E-03
-4.16700E-06,-25.28040204E-03
-4.16600E-06,-25.92361812E-03
-4.16500E-06,-25.92361812E-03
-4.16400E-06,-25.92361812E-03
-4.16300E-06,-26.52663318E-03
-4.16200E-06,-27.21005026E-03
-4.16100E-06,-27.81306533E-03
-4.16000E-06,-27.85326634E-03
-4.15900E-06,-27.21005026E-03
-4.15800E-06,-27.85326634E-03
-4.15700E-06,-28.45628140E-03
-4.15600E-06,-28.49648241E-03
-4.15500E-06,-29.13969848E-03
-4.15400E-06,-28.49648241E-03
-4.15300E-06,-29.09949748E-03
-4.15200E-06,-28.49648241E-03
-4.15100E-06,-28.49648241E-03
-4.15000E-06,-28.49648241E-03
-4.14900E-06,-28.49648241E-03
-4.14800E-06,-28.49648241E-03
-4.14700E-06,-28.49648241E-03
-4.14600E-06,-28.49648241E-03
-4.14500E-06,-29.09949748E-03
-4.14400E-06,-28.49648241E-03
-4.14300E-06,-28.49648241E-03
-4.14200E-06,-27.85326634E-03
-4.14100E-06,-27.85326634E-03
-4.14000E-06,-27.85326634E-03
-4.13900E-06,-27.85326634E-03
-4.13800E-06,-28.49648241E-03
-4.13700E-06,-27.85326634E-03
-4.13600E-06,-27.21005026E-03
-4.13500E-06,-26.56683419E-03
-4.13400E-06,-26.56683419E-03
-4.13300E-06,-26.56683419E-03
-4.13200E-06,-25.92361812E-03
-4.13100E-06,-26.56683419E-03
-4.13000E-06,-25.92361812E-03
-4.12900E-06,-25.88341711E-03
-4.12800E-06,-25.28040204E-03
-4.12700E-06,-24.63718597E-03
-4.12600E-06,-23.99396989E-03
-4.12500E-06,-23.99396989E-03
-4.12400E-06,-23.35075382E-03
-4.12300E-06,-23.35075382E-03
-4.12200E-06,-22.70753775E-03
-4.12100E-06,-23.31055282E-03
-4.12000E-06,-22.70753775E-03
-4.11900E-06,-21.42110560E-03
-4.11800E-06,-20.77788953E-03
-4.11700E-06,-20.77788953E-03
-4.11600E-06,-19.49145738E-03
-4.11500E-06,-19.49145738E-03
-4.11400E-06,-18.84824131E-03
-4.11300E-06,-18.84824131E-03
-4.11200E-06,-18.20502523E-03
-4.11100E-06,-16.91859309E-03
-4.11000E-06,-16.91859309E-03
-4.10900E-06,-16.27537701E-03
-4.10800E-06,-15.63216094E-03
-4.10700E-06,-14.98894487E-03
-4.10600E-06,-14.98894487E-03
-4.10500E-06,-14.94874386E-03
-4.10400E-06,-14.34572879E-03
-4.10300E-06,-13.70251272E-03
-4.10200E-06,-13.70251272E-03
-4.10100E-06,-13.05929665E-03
-4.10000E-06,-12.41608057E-03
-4.09900E-06,-12.41608057E-03
-4.09800E-06,-12.41608057E-03
-4.09700E-06,-12.41608057E-03
-4.09600E-06,-11.12964842E-03
-4.09500E-06,-9.84321628E-03
-4.09400E-06,-9.84321628E-03
-4.09300E-06,-9.84321628E-03
-4.09200E-06,-9.20000020E-03
-4.09100E-06,-9.20000020E-03
-4.09000E-06,-9.20000020E-03
-4.08900E-06,-9.80301527E-03
-4.08800E-06,-8.59698514E-03
-4.08700E-06,-7.91356806E-03
-4.08600E-06,-7.91356806E-03
-4.08500E-06,-6.66733691E-03
-4.08400E-06,-6.62713591E-03
-4.08300E-06,-6.66733691E-03
-4.08200E-06,-6.62713591E-03
-4.08100E-06,-6.62713591E-03
-4.08000E-06,-6.02412084E-03
-4.07900E-06,-5.34070376E-03
-4.07800E-06,-4.09447262E-03
-4.07700E-06,-4.73768869E-03
-4.07600E-06,-4.05427162E-03
-4.07500E-06,-4.09447262E-03
-4.07400E-06,-3.45125655E-03
-4.07300E-06,-4.05427162E-03
-4.07200E-06,-3.45125655E-03
-4.07100E-06,-3.41105554E-03
-4.07000E-06,-2.16482440E-03
-4.06900E-06,-2.12462340E-03
-4.06800E-06,-2.16482440E-03
-4.06700E-06,-2.16482440E-03
-4.06600E-06,-878.39225E-06
-4.06500E-06,-2.12462340E-03
-4.06400E-06,-2.12462340E-03
-4.06300E-06,-878.39225E-06
-4.06200E-06,-235.17618E-06
-4.06100E-06,-194.97517E-06
-4.06000E-06,+408.03989E-06
-4.05900E-06,-194.97517E-06
-4.05800E-06,+448.24090E-06
-4.05700E-06,+448.24090E-06
-4.05600E-06,+448.24090E-06
-4.05500E-06,+1.09145697E-03
-4.05400E-06,+1.69447204E-03
-4.05300E-06,+1.73467305E-03
-4.05200E-06,+2.37788912E-03
-4.05100E-06,+2.37788912E-03
-4.05000E-06,+1.73467305E-03
-4.04900E-06,+2.33768811E-03
-4.04800E-06,+2.98090419E-03
-4.04700E-06,+3.02110519E-03
-4.04600E-06,+3.62412026E-03
-4.04500E-06,+4.26733634E-03
-4.04400E-06,+3.66432127E-03
-4.04300E-06,+3.62412026E-03
-4.04200E-06,+3.02110519E-03
-4.04100E-06,+3.02110519E-03
-4.04000E-06,+4.26733634E-03
-4.03900E-06,+4.30753734E-03
-4.03800E-06,+4.91055241E-03
-4.03700E-06,+4.91055241E-03
-4.03600E-06,+4.30753734E-03
-4.03500E-06,+4.91055241E-03
-4.03400E-06,+3.66432127E-03
-4.03300E-06,+3.02110519E-03
-4.03200E-06,+3.66432127E-03
-4.03100E-06,+3.66432127E-03
-4.03000E-06,+4.26733634E-03
-4.02900E-06,+3.66432127E-03
-4.02800E-06,+3.66432127E-03
-4.02700E-06,+3.62412026E-03
-4.02600E-06,+3.66432127E-03
-4.02500E-06,+3.02110519E-03
-4.02400E-06,+2.98090419E-03
-4.02300E-06,+3.02110519E-03
-4.02200E-06,+3.02110519E-03
-4.02100E-06,+3.02110519E-03
-4.02000E-06,+2.37788912E-03
-4.01900E-06,+1.73467305E-03
-4.01800E-06,+1.73467305E-03
-4.01700E-06,+1.09145697E-03
-4.01600E-06,+1.09145697E-03
-4.01500E-06,+1.09145697E-03
-4.01400E-06,+1.05125597E-03
-4.01300E-06,+1.09145697E-03
-4.01200E-06,+1.09145697E-03
-4.01100E-06,+1.05125597E-03
-4.01000E-06,+448.24090E-06
-4.00900E-06,-194.97517E-06
-4.00800E-06,-235.17618E-06
-4.00700E-06,-838.19125E-06
-4.00600E-06,-878.39225E-06
-4.00500E-06,-878.39225E-06
-4.00400E-06,-838.19125E-06
-4.00300E-06,-2.12462340E-03
-4.00200E-06,-2.76783947E-03
-4.00100E-06,-3.41105554E-03
-4.00000E-06,-3.41105554E-03
-3.99900E-06,-2.80804047E-03
-3.99800E-06,-3.41105554E-03
-3.99700E-06,-4.69748769E-03
-3.99600E-06,-4.69748769E-03
-3.99500E-06,-5.34070376E-03
-3.99400E-06,-5.98391984E-03
-3.99300E-06,-7.27035198E-03
-3.99200E-06,-6.66733691E-03
-3.99100E-06,-7.27035198E-03
-3.99000E-06,-7.27035198E-03
-3.98900E-06,-7.31055299E-03
-3.98800E-06,-8.55678413E-03
-3.98700E-06,-8.55678413E-03
-3.98600E-06,-9.20000020E-03
-3.98500E-06,-11.08944742E-03
-3.98400E-06,-10.48643235E-03
-3.98300E-06,-10.48643235E-03
-3.98200E-06,-11.12964842E-03
-3.98100E-06,-10.48643235E-03
-3.98000E-06,-11.12964842E-03
-3.97900E-06,-12.37587957E-03
-3.97800E-06,-13.01909564E-03
-3.97700E-06,-13.66231171E-03
-3.97600E-06,-13.70251272E-03
-3.97500E-06,-13.70251272E-03
-3.97400E-06,-14.34572879E-03
-3.97300E-06,-13.70251272E-03
-3.97200E-06,-14.34572879E-03
-3.97100E-06,-14.34572879E-03
-3.97000E-06,-15.63216094E-03
-3.96900E-06,-16.23517601E-03
-3.96800E-06,-15.63216094E-03
-3.96700E-06,-15.59195993E-03
-3.96600E-06,-15.63216094E-03
-3.96500E-06,-16.23517601E-03
-3.96400E-06,-16.27537701E-03
-3.96300E-06,-17.56180916E-03
-3.96200E-06,-18.20502523E-03
-3.96100E-06,-18.80804030E-03
-3.96000E-06,-18.84824131E-03
-3.95900E-06,-18.20502523E-03
-3.95800E-06,-18.84824131E-03
-3.95700E-06,-18.84824131E-03
-3.95600E-06,-19.49145738E-03
-3.95500E-06,-20.09447245E-03
-3.95400E-06,-20.13467345E-03
-3.95300E-06,-20.77788953E-03
-3.95200E-06,-20.77788953E-03
-3.95100E-06,-20.77788953E-03
-3.95000E-06,-20.77788953E-03
-3.94900E-06,-21.42110560E-03
-3.94800E-06,-21.42110560E-03
-3.94700E-06,-21.42110560E-03
-3.94600E-06,-22.70753775E-03
-3.94500E-06,-23.31055282E-03
-3.94400E-06,-22.70753775E-03
-3.94300E-06,-22.70753775E-03
-3.94200E-06,-22.70753775E-03
-3.94100E-06,-23.35075382E-03
-3.94000E-06,-23.35075382E-03
-3.93900E-06,-23.35075382E-03
-3.93800E-06,-24.59698496E-03
-3.93700E-06,-25.24020104E-03
-3.93600E-06,-24.63718597E-03
-3.93500E-06,-24.63718597E-03
-3.93400E-06,-24.63718597E-03
-3.93300E-06,-24.63718597E-03
-3.93200E-06,-25.24020104E-03
-3.93100E-06,-25.92361812E-03
-3.93000E-06,-25.92361812E-03
-3.92900E-06,-27.16984926E-03
-3.92800E-06,-27.16984926E-03
-3.92700E-06,-26.56683419E-03
-3.92600E-06,-25.92361812E-03
-3.92500E-06,-26.56683419E-03
-3.92400E-06,-27.16984926E-03
-3.92300E-06,-27.21005026E-03
-3.92200E-06,-27.85326634E-03
-3.92100E-06,-28.49648241E-03
-3.92000E-06,-28.49648241E-03
-3.91900E-06,-29.09949748E-03
-3.91800E-06,-28.49648241E-03
-3.91700E-06,-29.13969848E-03
-3.91600E-06,-29.74271355E-03
-3.91500E-06,-29.13969848E-03
-3.91400E-06,-29.78291456E-03
-3.91300E-06,-30.38592963E-03
-3.91200E-06,-30.38592963E-03
-3.91100E-06,-29.78291456E-03
-3.91000E-06,-29.78291456E-03
-3.90900E-06,-29.78291456E-03
-3.90800E-06,-29.74271355E-03
-3.90700E-06,-30.42613063E-03
-3.90600E-06,-29.78291456E-03
-3.90500E-06,-30.38592963E-03
-3.90400E-06,-29.78291456E-03
-3.90300E-06,-28.49648241E-03
-3.90200E-06,-28.49648241E-03
-3.90100E-06,-29.13969848E-03
-3.90000E-06,-28.49648241E-03
-3.89900E-06,-28.49648241E-03
-3.89800E-06,-28.49648241E-03
-3.89700E-06,-29.09949748E-03
-3.89600E-06,-27.85326634E-03
-3.89500E-06,-27.21005026E-03
-3.89400E-06,-26.56683419E-03
-3.89300E-06,-26.56683419E-03
-3.89200E-06,-26.56683419E-03
-3.89100E-06,-25.92361812E-03
-3.89000E-06,-26.56683419E-03
-3.88900E-06,-26.56683419E-03
-3.88800E-06,-26.56683419E-03
-3.88700E-06,-25.28040204E-03
-3.88600E-06,-24.63718597E-03
-3.88500E-06,-23.99396989E-03
-3.88400E-06,-23.35075382E-03
-3.88300E-06,-23.35075382E-03
-3.88200E-06,-23.35075382E-03
-3.88100E-06,-23.31055282E-03
-3.88000E-06,-22.70753775E-03
-3.87900E-06,-21.42110560E-03
-3.87800E-06,-21.42110560E-03
-3.87700E-06,-20.77788953E-03
-3.87600E-06,-20.77788953E-03
-3.87500E-06,-20.13467345E-03
-3.87400E-06,-19.49145738E-03
-3.87300E-06,-19.45125638E-03
-3.87200E-06,-18.20502523E-03
-3.87100E-06,-16.91859309E-03
-3.87000E-06,-16.91859309E-03
-3.86900E-06,-16.27537701E-03
-3.86800E-06,-15.63216094E-03
-3.86700E-06,-15.63216094E-03
-3.86600E-06,-14.98894487E-03
-3.86500E-06,-15.59195993E-03
-3.86400E-06,-14.34572879E-03
-3.86300E-06,-13.05929665E-03
-3.86200E-06,-13.05929665E-03
-3.86100E-06,-12.41608057E-03
-3.86000E-06,-12.37587957E-03
-3.85900E-06,-11.12964842E-03
-3.85800E-06,-11.73266349E-03
-3.85700E-06,-11.73266349E-03
-3.85600E-06,-10.48643235E-03
-3.85500E-06,-9.84321628E-03
-3.85400E-06,-9.20000020E-03
-3.85300E-06,-8.59698514E-03
-3.85200E-06,-7.95376906E-03
-3.85100E-06,-7.95376906E-03
-3.85000E-06,-8.55678413E-03
-3.84900E-06,-8.55678413E-03
-3.84800E-06,-6.66733691E-03
-3.84700E-06,-7.27035198E-03
-3.84600E-06,-6.02412084E-03
-3.84500E-06,-5.38090477E-03
-3.84400E-06,-5.38090477E-03
-3.84300E-06,-5.38090477E-03
-3.84200E-06,-4.73768869E-03
-3.84100E-06,-5.34070376E-03
-3.84000E-06,-4.73768869E-03
-3.83900E-06,-4.05427162E-03
-3.83800E-06,-2.80804047E-03
-3.83700E-06,-2.76783947E-03
-3.83600E-06,-2.16482440E-03
-3.83500E-06,-2.80804047E-03
-3.83400E-06,-2.16482440E-03
-3.83300E-06,-2.76783947E-03
-3.83200E-06,-2.12462340E-03
-3.83100E-06,-878.39225E-06
-3.83000E-06,-878.39225E-06
-3.82900E-06,-235.17618E-06
-3.82800E-06,+408.03989E-06
-3.82700E-06,+408.03989E-06
-3.82600E-06,+408.03989E-06
-3.82500E-06,-194.97517E-06
-3.82400E-06,+1.05125597E-03
-3.82300E-06,+1.69447204E-03
-3.82200E-06,+2.33768811E-03
-3.82100E-06,+2.37788912E-03
-3.82000E-06,+1.73467305E-03
-3.81900E-06,+2.33768811E-03
-3.81800E-06,+2.33768811E-03
-3.81700E-06,+1.73467305E-03
-3.81600E-06,+3.62412026E-03
-3.81500E-06,+3.62412026E-03
-3.81400E-06,+4.26733634E-03
-3.81300E-06,+4.26733634E-03
-3.81200E-06,+4.95075341E-03
-3.81100E-06,+4.91055241E-03
-3.81000E-06,+4.30753734E-03
-3.80900E-06,+3.66432127E-03
-3.80800E-06,+4.91055241E-03
-3.80700E-06,+4.95075341E-03
-3.80600E-06,+5.55376848E-03
-3.80500E-06,+6.19698456E-03
-3.80400E-06,+6.19698456E-03
-3.80300E-06,+6.19698456E-03
-3.80200E-06,+6.23718556E-03
-3.80100E-06,+6.23718556E-03
-3.80000E-06,+6.84020063E-03
-3.79900E-06,+6.84020063E-03
-3.79800E-06,+6.19698456E-03
-3.79700E-06,+6.84020063E-03
-3.79600E-06,+6.23718556E-03
-3.79500E-06,+6.84020063E-03
-3.79400E-06,+5.59396949E-03
-3.79300E-06,+6.23718556E-03
-3.79200E-06,+6.84020063E-03
-3.79100E-06,+6.88040163E-03
-3.79000E-06,+6.88040163E-03
-3.78900E-06,+7.48341670E-03
-3.78800E-06,+6.88040163E-03
-3.78700E-06,+6.84020063E-03
-3.78600E-06,+6.23718556E-03
-3.78500E-06,+6.23718556E-03
-3.78400E-06,+6.23718556E-03
-3.78300E-06,+6.84020063E-03
-3.78200E-06,+6.23718556E-03
-3.78100E-06,+6.23718556E-03
-3.78000E-06,+6.23718556E-03
-3.77900E-06,+6.23718556E-03
-3.77800E-06,+5.59396949E-03
-3.77700E-06,+4.95075341E-03
-3.77600E-06,+4.95075341E-03
-3.77500E-06,+5.55376848E-03
-3.77400E-06,+5.55376848E-03
-3.77300E-06,+5.55376848E-03
-3.77200E-06,+4.95075341E-03
-3.77100E-06,+4.30753734E-03
-3.77000E-06,+3.66432127E-03
-3.76900E-06,+3.66432127E-03
-3.76800E-06,+3.66432127E-03
-3.76700E-06,+3.66432127E-03
-3.76600E-06,+3.02110519E-03
-3.76500E-06,+2.37788912E-03
-3.76400E-06,+2.37788912E-03
-3.76300E-06,+2.98090419E-03
-3.76200E-06,+1.73467305E-03
-3.76100E-06,+448.24090E-06
-3.76000E-06,+1.09145697E-03
-3.75900E-06,+1.69447204E-03
-3.75800E-06,+448.24090E-06
-3.75700E-06,-194.97517E-06
-3.75600E-06,-194.97517E-06
-3.75500E-06,-1.48140732E-03
-3.75400E-06,-2.12462340E-03
-3.75300E-06,-2.76783947E-03
-3.75200E-06,-2.76783947E-03
-3.75100E-06,-2.76783947E-03
-3.75000E-06,-2.76783947E-03
-3.74900E-06,-3.41105554E-03
-3.74800E-06,-4.05427162E-03
-3.74700E-06,-4.05427162E-03
-3.74600E-06,-5.34070376E-03
-3.74500E-06,-5.98391984E-03
-3.74400E-06,-5.98391984E-03
-3.74300E-06,-5.98391984E-03
-3.74200E-06,-6.62713591E-03
-3.74100E-06,-6.62713591E-03
-3.74000E-06,-6.62713591E-03
-3.73900E-06,-7.27035198E-03
-3.73800E-06,-7.91356806E-03
-3.73700E-06,-9.20000020E-03
-3.73600E-06,-9.20000020E-03
-3.73500E-06,-8.55678413E-03
-3.73400E-06,-9.20000020E-03
-3.73300E-06,-9.20000020E-03
-3.73200E-06,-9.20000020E-03
-3.73100E-06,-9.84321628E-03
-3.73000E-06,-11.12964842E-03
-3.72900E-06,-11.73266349E-03
-3.72800E-06,-11.12964842E-03
-3.72700E-06,-11.12964842E-03
-3.72600E-06,-11.12964842E-03
-3.72500E-06,-11.77286450E-03
-3.72400E-06,-12.37587957E-03
-3.72300E-06,-12.41608057E-03
-3.72200E-06,-13.05929665E-03
-3.72100E-06,-13.66231171E-03
-3.72000E-06,-13.70251272E-03
-3.71900E-06,-13.70251272E-03
-3.71800E-06,-13.70251272E-03
-3.71700E-06,-14.30552779E-03
-3.71600E-06,-14.34572879E-03
-3.71500E-06,-14.34572879E-03
-3.71400E-06,-14.98894487E-03
-3.71300E-06,-16.23517601E-03
-3.71200E-06,-15.63216094E-03
-3.71100E-06,-15.63216094E-03
-3.71000E-06,-15.63216094E-03
-3.70900E-06,-16.23517601E-03
-3.70800E-06,-16.27537701E-03
-3.70700E-06,-16.27537701E-03
-3.70600E-06,-16.87839208E-03
-3.70500E-06,-17.52160816E-03
-3.70400E-06,-16.91859309E-03
-3.70300E-06,-16.91859309E-03
-3.70200E-06,-18.16482423E-03
-3.70100E-06,-17.56180916E-03
-3.70000E-06,-17.56180916E-03
-3.69900E-06,-18.84824131E-03
-3.69800E-06,-18.84824131E-03
-3.69700E-06,-19.49145738E-03
-3.69600E-06,-18.84824131E-03
-3.69500E-06,-18.84824131E-03
-3.69400E-06,-19.49145738E-03
-3.69300E-06,-18.84824131E-03
-3.69200E-06,-19.49145738E-03
-3.69100E-06,-20.73768852E-03
-3.69000E-06,-21.38090460E-03
-3.68900E-06,-21.38090460E-03
-3.68800E-06,-20.77788953E-03
-3.68700E-06,-20.77788953E-03
-3.68600E-06,-20.77788953E-03
-3.68500E-06,-21.38090460E-03
-3.68400E-06,-21.42110560E-03
-3.68300E-06,-22.06432167E-03
-3.68200E-06,-22.66733674E-03
-3.68100E-06,-22.70753775E-03
-3.68000E-06,-22.70753775E-03
-3.67900E-06,-22.70753775E-03
-3.67800E-06,-23.35075382E-03
-3.67700E-06,-23.35075382E-03
-3.67600E-06,-23.35075382E-03
-3.67500E-06,-23.99396989E-03
-3.67400E-06,-23.95376889E-03
-3.67300E-06,-24.59698496E-03
-3.67200E-06,-24.63718597E-03
-3.67100E-06,-23.99396989E-03
-3.67000E-06,-23.35075382E-03
-3.66900E-06,-23.35075382E-03
-3.66800E-06,-23.35075382E-03
-3.66700E-06,-23.99396989E-03
-3.66600E-06,-23.99396989E-03
-3.66500E-06,-23.95376889E-03
-3.66400E-06,-23.35075382E-03
-3.66300E-06,-22.70753775E-03
-3.66200E-06,-23.35075382E-03
-3.66100E-06,-22.70753775E-03
-3.66000E-06,-22.70753775E-03
-3.65900E-06,-22.70753775E-03
-3.65800E-06,-22.70753775E-03
-3.65700E-06,-23.31055282E-03
-3.65600E-06,-22.06432167E-03
-3.65500E-06,-21.42110560E-03
-3.65400E-06,-22.02412067E-03
-3.65300E-06,-21.38090460E-03
-3.65200E-06,-20.77788953E-03
-3.65100E-06,-20.13467345E-03
-3.65000E-06,-20.13467345E-03
-3.64900E-06,-20.13467345E-03
-3.64800E-06,-19.49145738E-03
-3.64700E-06,-18.84824131E-03
-3.64600E-06,-18.84824131E-03
-3.64500E-06,-17.56180916E-03
-3.64400E-06,-16.91859309E-03
-3.64300E-06,-16.91859309E-03
-3.64200E-06,-16.27537701E-03
-3.64100E-06,-16.87839208E-03
-3.64000E-06,-16.87839208E-03
-3.63900E-06,-14.34572879E-03
-3.63800E-06,-15.63216094E-03
-3.63700E-06,-14.98894487E-03
-3.63600E-06,-13.70251272E-03
-3.63500E-06,-13.70251272E-03
-3.63400E-06,-12.41608057E-03
-3.63300E-06,-13.05929665E-03
-3.63200E-06,-12.41608057E-03
-3.63100E-06,-10.48643235E-03
-3.63000E-06,-10.48643235E-03
-3.62900E-06,-9.84321628E-03
-3.62800E-06,-9.20000020E-03
-3.62700E-06,-9.20000020E-03
-3.62600E-06,-8.55678413E-03
-3.62500E-06,-9.20000020E-03
-3.62400E-06,-8.59698514E-03
-3.62300E-06,-7.31055299E-03
-3.62200E-06,-6.62713591E-03
-3.62100E-06,-5.38090477E-03
-3.62000E-06,-5.34070376E-03
-3.61900E-06,-5.34070376E-03
-3.61800E-06,-4.69748769E-03
-3.61700E-06,-5.34070376E-03
-3.61600E-06,-4.69748769E-03
-3.61500E-06,-3.45125655E-03
-3.61400E-06,-2.76783947E-03
-3.61300E-06,-2.76783947E-03
-3.61200E-06,-2.16482440E-03
-3.61100E-06,-1.52160833E-03
-3.61000E-06,-878.39225E-06
-3.60900E-06,-838.19125E-06
-3.60800E-06,-194.97517E-06
-3.60700E-06,-194.97517E-06
-3.60600E-06,+1.05125597E-03
-3.60500E-06,+1.09145697E-03
-3.60400E-06,+1.73467305E-03
-3.60300E-06,+1.69447204E-03
-3.60200E-06,+1.69447204E-03
-3.60100E-06,+1.09145697E-03
-3.60000E-06,+2.33768811E-03
-3.59900E-06,+2.37788912E-03
-3.59800E-06,+3.62412026E-03
-3.59700E-06,+3.66432127E-03
-3.59600E-06,+4.30753734E-03
-3.59500E-06,+4.30753734E-03
-3.59400E-06,+4.91055241E-03
-3.59300E-06,+4.30753734E-03
-3.59200E-06,+5.55376848E-03
-3.59100E-06,+5.59396949E-03
-3.59000E-06,+6.19698456E-03
-3.58900E-06,+6.23718556E-03
-3.58800E-06,+6.84020063E-03
-3.58700E-06,+7.48341670E-03
-3.58600E-06,+7.52361771E-03
-3.58500E-06,+6.88040163E-03
-3.58400E-06,+7.52361771E-03
-3.58300E-06,+8.16683378E-03
-3.58200E-06,+8.76984885E-03
-3.58100E-06,+8.81004985E-03
-3.58000E-06,+9.45326593E-03
-3.57900E-06,+9.45326593E-03
-3.57800E-06,+10.05628100E-03
-3.57700E-06,+8.81004985E-03
-3.57600E-06,+9.45326593E-03
-3.57500E-06,+10.69949707E-03
-3.57400E-06,+11.34271314E-03
-3.57300E-06,+11.38291415E-03
-3.57200E-06,+11.98592922E-03
-3.57100E-06,+11.98592922E-03
-3.57000E-06,+11.38291415E-03
-3.56900E-06,+10.73969807E-03
-3.56800E-06,+11.38291415E-03
-3.56700E-06,+12.66934630E-03
-3.56600E-06,+13.27236136E-03
-3.56500E-06,+13.91557744E-03
-3.56400E-06,+13.31256237E-03
-3.56300E-06,+13.91557744E-03
-3.56200E-06,+13.31256237E-03
-3.56100E-06,+13.91557744E-03
-3.56000E-06,+14.55879351E-03
-3.55900E-06,+14.59899452E-03
-3.55800E-06,+14.55879351E-03
-3.55700E-06,+14.59899452E-03
-3.55600E-06,+14.59899452E-03
-3.55500E-06,+14.59899452E-03
-3.55400E-06,+13.95577844E-03
-3.55300E-06,+13.95577844E-03
-3.55200E-06,+13.95577844E-03
-3.55100E-06,+15.20200958E-03
-3.55000E-06,+15.20200958E-03
-3.54900E-06,+15.84522566E-03
-3.54800E-06,+15.24221059E-03
-3.54700E-06,+15.20200958E-03
-3.54600E-06,+14.59899452E-03
-3.54500E-06,+13.95577844E-03
-3.54400E-06,+14.59899452E-03
-3.54300E-06,+14.59899452E-03
-3.54200E-06,+14.55879351E-03
-3.54100E-06,+13.95577844E-03
-3.54000E-06,+13.95577844E-03
-3.53900E-06,+13.91557744E-03
-3.53800E-06,+13.91557744E-03
-3.53700E-06,+12.66934630E-03
-3.53600E-06,+12.66934630E-03
-3.53500E-06,+13.31256237E-03
-3.53400E-06,+13.27236136E-03
-3.53300E-06,+12.66934630E-03
-3.53200E-06,+12.66934630E-03
-3.53100E-06,+11.98592922E-03
-3.53000E-06,+11.38291415E-03
-3.52900E-06,+10.73969807E-03
-3.52800E-06,+11.34271314E-03
-3.52700E-06,+10.73969807E-03
-3.52600E-06,+11.34271314E-03
-3.52500E-06,+11.38291415E-03
-3.52400E-06,+10.73969807E-03
-3.52300E-06,+10.09648200E-03
-3.52200E-06,+8.81004985E-03
-3.52100E-06,+8.16683378E-03
-3.52000E-06,+8.16683378E-03
-3.51900E-06,+8.81004985E-03
-3.51800E-06,+8.16683378E-03
-3.51700E-06,+7.52361771E-03
-3.51600E-06,+7.52361771E-03
-3.51500E-06,+6.88040163E-03
-3.51400E-06,+6.23718556E-03
-3.51300E-06,+5.59396949E-03
-3.51200E-06,+5.59396949E-03
-3.51100E-06,+6.19698456E-03
-3.51000E-06,+5.55376848E-03
-3.50900E-06,+4.30753734E-03
-3.50800E-06,+4.30753734E-03
-3.50700E-06,+3.66432127E-03
-3.50600E-06,+3.02110519E-03
-3.50500E-06,+1.73467305E-03
-3.50400E-06,+2.33768811E-03
-3.50300E-06,+2.37788912E-03
-3.50200E-06,+1.69447204E-03
-3.50100E-06,+1.09145697E-03
-3.50000E-06,+1.09145697E-03
-3.49900E-06,-194.97517E-06
-3.49800E-06,-838.19125E-06
-3.49700E-06,-2.12462340E-03
-3.49600E-06,-878.39225E-06
-3.49500E-06,-878.39225E-06
-3.49400E-06,-878.39225E-06
-3.49300E-06,-1.48140732E-03
-3.49200E-06,-878.39225E-06
-3.49100E-06,-2.76783947E-03
-3.49000E-06,-2.76783947E-03
-3.48900E-06,-3.41105554E-03
-3.48800E-06,-3.41105554E-03
-3.48700E-06,-4.05427162E-03
-3.48600E-06,-4.05427162E-03
-3.48500E-06,-4.09447262E-03
-3.48400E-06,-4.69748769E-03
-3.48300E-06,-5.34070376E-03
-3.48200E-06,-5.38090477E-03
-3.48100E-06,-6.62713591E-03
-3.48000E-06,-6.02412084E-03
-3.47900E-06,-5.98391984E-03
-3.47800E-06,-6.62713591E-03
-3.47700E-06,-7.27035198E-03
-3.47600E-06,-7.27035198E-03
-3.47500E-06,-7.31055299E-03
-3.47400E-06,-8.55678413E-03
-3.47300E-06,-9.20000020E-03
-3.47200E-06,-8.55678413E-03
-3.47100E-06,-7.95376906E-03
-3.47000E-06,-8.55678413E-03
-3.46900E-06,-8.55678413E-03
-3.46800E-06,-8.55678413E-03
-3.46700E-06,-9.20000020E-03
-3.46600E-06,-9.84321628E-03
-3.46500E-06,-11.08944742E-03
-3.46400E-06,-10.48643235E-03
-3.46300E-06,-9.84321628E-03
-3.46200E-06,-10.48643235E-03
-3.46100E-06,-10.48643235E-03
-3.46000E-06,-10.48643235E-03
-3.45900E-06,-11.08944742E-03
-3.45800E-06,-12.37587957E-03
-3.45700E-06,-12.37587957E-03
-3.45600E-06,-11.77286450E-03
-3.45500E-06,-11.77286450E-03
-3.45400E-06,-11.77286450E-03
-3.45300E-06,-11.77286450E-03
-3.45200E-06,-12.37587957E-03
-3.45100E-06,-13.01909564E-03
-3.45000E-06,-13.66231171E-03
-3.44900E-06,-14.30552779E-03
-3.44800E-06,-13.70251272E-03
-3.44700E-06,-13.70251272E-03
-3.44600E-06,-14.34572879E-03
-3.44500E-06,-14.34572879E-03
-3.44400E-06,-14.34572879E-03
-3.44300E-06,-14.34572879E-03
-3.44200E-06,-14.34572879E-03
-3.44100E-06,-15.59195993E-03
-3.44000E-06,-15.63216094E-03
-3.43900E-06,-15.63216094E-03
-3.43800E-06,-16.23517601E-03
-3.43700E-06,-15.63216094E-03
-3.43600E-06,-15.63216094E-03
-3.43500E-06,-16.27537701E-03
-3.43400E-06,-16.91859309E-03
-3.43300E-06,-17.52160816E-03
-3.43200E-06,-16.27537701E-03
-3.43100E-06,-16.87839208E-03
-3.43000E-06,-16.91859309E-03
-3.42900E-06,-16.91859309E-03
-3.42800E-06,-16.27537701E-03
-3.42700E-06,-16.27537701E-03
-3.42600E-06,-16.27537701E-03
-3.42500E-06,-17.52160816E-03
-3.42400E-06,-16.91859309E-03
-3.42300E-06,-15.63216094E-03
-3.42200E-06,-16.27537701E-03
-3.42100E-06,-15.63216094E-03
-3.42000E-06,-16.23517601E-03
-3.41900E-06,-15.63216094E-03
-3.41800E-06,-15.63216094E-03
-3.41700E-06,-15.63216094E-03
-3.41600E-06,-15.63216094E-03
-3.41500E-06,-14.98894487E-03
-3.41400E-06,-14.34572879E-03
-3.41300E-06,-13.70251272E-03
-3.41200E-06,-13.70251272E-03
-3.41100E-06,-13.70251272E-03
-3.41000E-06,-13.70251272E-03
-3.40900E-06,-13.66231171E-03
-3.40800E-06,-12.41608057E-03
-3.40700E-06,-11.77286450E-03
-3.40600E-06,-11.77286450E-03
-3.40500E-06,-11.12964842E-03
-3.40400E-06,-11.12964842E-03
-3.40300E-06,-11.12964842E-03
-3.40200E-06,-11.12964842E-03
-3.40100E-06,-10.48643235E-03
-3.40000E-06,-9.84321628E-03
-3.39900E-06,-8.59698514E-03
-3.39800E-06,-9.20000020E-03
-3.39700E-06,-9.20000020E-03
-3.39600E-06,-8.55678413E-03
-3.39500E-06,-7.31055299E-03
-3.39400E-06,-7.27035198E-03
-3.39300E-06,-6.62713591E-03
-3.39200E-06,-5.98391984E-03
-3.39100E-06,-4.73768869E-03
-3.39000E-06,-4.09447262E-03
-3.38900E-06,-4.09447262E-03
-3.38800E-06,-3.41105554E-03
-3.38700E-06,-2.80804047E-03
-3.38600E-06,-2.76783947E-03
-3.38500E-06,-2.76783947E-03
-3.38400E-06,-878.39225E-06
-3.38300E-06,-235.17618E-06
-3.38200E-06,+408.03989E-06
-3.38100E-06,+1.09145697E-03
-3.38000E-06,+1.09145697E-03
-3.37900E-06,+1.09145697E-03
-3.37800E-06,+1.09145697E-03
-3.37700E-06,+1.09145697E-03
-3.37600E-06,+2.33768811E-03
-3.37500E-06,+2.98090419E-03
-3.37400E-06,+3.62412026E-03
-3.37300E-06,+4.26733634E-03
-3.37200E-06,+4.30753734E-03
-3.37100E-06,+4.91055241E-03
-3.37000E-06,+4.30753734E-03
-3.36900E-06,+4.95075341E-03
-3.36800E-06,+5.59396949E-03
-3.36700E-06,+6.19698456E-03
-3.36600E-06,+6.84020063E-03
-3.36500E-06,+6.88040163E-03
-3.36400E-06,+7.52361771E-03
-3.36300E-06,+8.12663278E-03
-3.36200E-06,+7.52361771E-03
-3.36100E-06,+7.52361771E-03
-3.36000E-06,+8.76984885E-03
-3.35900E-06,+9.41306492E-03
-3.35800E-06,+9.41306492E-03
-3.35700E-06,+10.09648200E-03
-3.35600E-06,+9.45326593E-03
-3.35500E-06,+10.05628100E-03
-3.35400E-06,+10.69949707E-03
-3.35300E-06,+10.09648200E-03
-3.35200E-06,+11.38291415E-03
-3.35100E-06,+11.98592922E-03
-3.35000E-06,+11.98592922E-03
-3.34900E-06,+12.62914529E-03
-3.34800E-06,+13.31256237E-03
-3.34700E-06,+13.27236136E-03
-3.34600E-06,+12.66934630E-03
-3.34500E-06,+12.66934630E-03
-3.34400E-06,+13.31256237E-03
-3.34300E-06,+14.55879351E-03
-3.34200E-06,+14.55879351E-03
-3.34100E-06,+14.59899452E-03
-3.34000E-06,+15.20200958E-03
-3.33900E-06,+15.84522566E-03
-3.33800E-06,+15.84522566E-03
-3.33700E-06,+15.88542666E-03
-3.33600E-06,+15.88542666E-03
-3.33500E-06,+15.88542666E-03
-3.33400E-06,+15.88542666E-03
-3.33300E-06,+16.52864274E-03
-3.33200E-06,+17.77487388E-03
-3.33100E-06,+17.17185881E-03
-3.33000E-06,+17.17185881E-03
-3.32900E-06,+17.17185881E-03
-3.32800E-06,+18.41808995E-03
-3.32700E-06,+18.41808995E-03
-3.32600E-06,+18.41808995E-03
-3.32500E-06,+19.10150703E-03
-3.32400E-06,+19.10150703E-03
-3.32300E-06,+19.10150703E-03
-3.32200E-06,+19.10150703E-03
-3.32100E-06,+19.74472310E-03
-3.32000E-06,+19.70452210E-03
-3.31900E-06,+20.34773817E-03
-3.31800E-06,+20.34773817E-03
-3.31700E-06,+20.34773817E-03
-3.31600E-06,+20.38793918E-03
-3.31500E-06,+19.74472310E-03
-3.31400E-06,+20.38793918E-03
-3.31300E-06,+19.10150703E-03
-3.31200E-06,+19.74472310E-03
-3.31100E-06,+19.74472310E-03
-3.31000E-06,+19.74472310E-03
-3.30900E-06,+19.74472310E-03
-3.30800E-06,+19.74472310E-03
-3.30700E-06,+19.74472310E-03
-3.30600E-06,+19.74472310E-03
-3.30500E-06,+19.10150703E-03
-3.30400E-06,+19.74472310E-03
-3.30300E-06,+19.70452210E-03
-3.30200E-06,+19.70452210E-03
-3.30100E-06,+19.74472310E-03
-3.30000E-06,+19.10150703E-03
-3.29900E-06,+18.45829096E-03
-3.29800E-06,+18.45829096E-03
-3.29700E-06,+17.81507488E-03
-3.29600E-06,+17.81507488E-03
-3.29500E-06,+17.81507488E-03
-3.29400E-06,+17.77487388E-03
-3.29300E-06,+18.41808995E-03
-3.29200E-06,+17.81507488E-03
-3.29100E-06,+17.17185881E-03
-3.29000E-06,+16.52864274E-03
-3.28900E-06,+16.52864274E-03
-3.28800E-06,+16.52864274E-03
-3.28700E-06,+15.88542666E-03
-3.28600E-06,+15.84522566E-03
-3.28500E-06,+15.88542666E-03
-3.28400E-06,+15.24221059E-03
-3.28300E-06,+14.59899452E-03
-3.28200E-06,+13.95577844E-03
-3.28100E-06,+13.95577844E-03
-3.28000E-06,+14.55879351E-03
-3.27900E-06,+13.95577844E-03
-3.27800E-06,+13.31256237E-03
-3.27700E-06,+12.66934630E-03
-3.27600E-06,+12.66934630E-03
-3.27500E-06,+12.02613022E-03
-3.27400E-06,+11.98592922E-03
-3.27300E-06,+10.09648200E-03
-3.27200E-06,+9.45326593E-03
-3.27100E-06,+10.09648200E-03
-3.27000E-06,+10.05628100E-03
-3.26900E-06,+10.09648200E-03
-3.26800E-06,+9.45326593E-03
-3.26700E-06,+8.16683378E-03
-3.26600E-06,+7.52361771E-03
-3.26500E-06,+6.23718556E-03
-3.26400E-06,+6.23718556E-03
-3.26300E-06,+6.23718556E-03
-3.26200E-06,+6.19698456E-03
-3.26100E-06,+5.55376848E-03
-3.26000E-06,+4.30753734E-03
-3.25900E-06,+4.30753734E-03
-3.25800E-06,+3.66432127E-03
-3.25700E-06,+3.02110519E-03
-3.25600E-06,+3.02110519E-03
-3.25500E-06,+3.02110519E-03
-3.25400E-06,+2.98090419E-03
-3.25300E-06,+3.02110519E-03
-3.25200E-06,+1.73467305E-03
-3.25100E-06,+1.09145697E-03
-3.25000E-06,+1.09145697E-03
-3.24900E-06,+448.24090E-06
-3.24800E-06,+408.03989E-06
-3.24700E-06,+448.24090E-06
-3.24600E-06,+408.03989E-06
-3.24500E-06,-194.97517E-06
-3.24400E-06,-838.19125E-06
-3.24300E-06,-878.39225E-06
-3.24200E-06,-878.39225E-06
-3.24100E-06,-2.12462340E-03
-3.24000E-06,-2.12462340E-03
-3.23900E-06,-2.16482440E-03
-3.23800E-06,-2.76783947E-03
-3.23700E-06,-2.80804047E-03
-3.23600E-06,-2.76783947E-03
-3.23500E-06,-3.41105554E-03
-3.23400E-06,-3.41105554E-03
-3.23300E-06,-4.69748769E-03
-3.23200E-06,-4.69748769E-03
-3.23100E-06,-4.69748769E-03
-3.23000E-06,-4.69748769E-03
-3.22900E-06,-5.34070376E-03
-3.22800E-06,-4.69748769E-03
-3.22700E-06,-5.98391984E-03
-3.22600E-06,-6.62713591E-03
-3.22500E-06,-7.27035198E-03
-3.22400E-06,-6.02412084E-03
-3.22300E-06,-6.62713591E-03
-3.22200E-06,-6.66733691E-03
-3.22100E-06,-7.27035198E-03
-3.22000E-06,-7.27035198E-03
-3.21900E-06,-7.91356806E-03
-3.21800E-06,-8.55678413E-03
-3.21700E-06,-9.20000020E-03
-3.21600E-06,-9.20000020E-03
-3.21500E-06,-8.59698514E-03
-3.21400E-06,-8.59698514E-03
-3.21300E-06,-9.20000020E-03
-3.21200E-06,-9.20000020E-03
-3.21100E-06,-9.84321628E-03
-3.21000E-06,-9.84321628E-03
-3.20900E-06,-11.08944742E-03
-3.20800E-06,-10.48643235E-03
-3.20700E-06,-10.48643235E-03
-3.20600E-06,-11.12964842E-03
-3.20500E-06,-11.12964842E-03
-3.20400E-06,-11.12964842E-03
-3.20300E-06,-11.77286450E-03
-3.20200E-06,-11.77286450E-03
-3.20100E-06,-12.41608057E-03
-3.20000E-06,-12.41608057E-03
-3.19900E-06,-11.77286450E-03
-3.19800E-06,-12.41608057E-03
-3.19700E-06,-12.41608057E-03
-3.19600E-06,-13.70251272E-03
-3.19500E-06,-14.34572879E-03
-3.19400E-06,-14.98894487E-03
-3.19300E-06,-14.94874386E-03
-3.19200E-06,-14.34572879E-03
-3.19100E-06,-13.70251272E-03
-3.19000E-06,-13.70251272E-03
-3.18900E-06,-14.30552779E-03
-3.18800E-06,-14.34572879E-03
-3.18700E-06,-14.34572879E-03
-3.18600E-06,-14.94874386E-03
-3.18500E-06,-14.98894487E-03
-3.18400E-06,-14.98894487E-03
-3.18300E-06,-14.34572879E-03
-3.18200E-06,-14.34572879E-03
-3.18100E-06,-13.70251272E-03
-3.18000E-06,-14.30552779E-03
-3.17900E-06,-13.70251272E-03
-3.17800E-06,-13.70251272E-03
-3.17700E-06,-13.66231171E-03
-3.17600E-06,-13.05929665E-03
-3.17500E-06,-12.41608057E-03
-3.17400E-06,-12.41608057E-03
-3.17300E-06,-12.41608057E-03
-3.17200E-06,-12.37587957E-03
-3.17100E-06,-11.77286450E-03
-3.17000E-06,-11.77286450E-03
-3.16900E-06,-11.77286450E-03
-3.16800E-06,-11.77286450E-03
-3.16700E-06,-10.48643235E-03
-3.16600E-06,-9.84321628E-03
-3.16500E-06,-10.44623135E-03
-3.16400E-06,-9.20000020E-03
-3.16300E-06,-9.84321628E-03
-3.16200E-06,-9.20000020E-03
-3.16100E-06,-9.20000020E-03
-3.16000E-06,-7.95376906E-03
-3.15900E-06,-7.95376906E-03
-3.15800E-06,-7.31055299E-03
-3.15700E-06,-7.27035198E-03
-3.15600E-06,-6.62713591E-03
-3.15500E-06,-6.66733691E-03
-3.15400E-06,-6.02412084E-03
-3.15300E-06,-5.98391984E-03
-3.15200E-06,-4.73768869E-03
-3.15100E-06,-3.45125655E-03
-3.15000E-06,-3.45125655E-03
-3.14900E-06,-2.80804047E-03
-3.14800E-06,-2.12462340E-03
-3.14700E-06,-2.16482440E-03
-3.14600E-06,-2.12462340E-03
-3.14500E-06,-2.76783947E-03
-3.14400E-06,-878.39225E-06
-3.14300E-06,+408.03989E-06
-3.14200E-06,+408.03989E-06
-3.14100E-06,+448.24090E-06
-3.14000E-06,+1.09145697E-03
-3.13900E-06,+1.09145697E-03
-3.13800E-06,+1.73467305E-03
-3.13700E-06,+1.73467305E-03
-3.13600E-06,+2.98090419E-03
-3.13500E-06,+3.02110519E-03
-3.13400E-06,+3.66432127E-03
-3.13300E-06,+4.30753734E-03
-3.13200E-06,+4.95075341E-03
-3.13100E-06,+4.91055241E-03
-3.13000E-06,+4.30753734E-03
-3.12900E-06,+4.95075341E-03
-3.12800E-06,+5.59396949E-03
-3.12700E-06,+6.23718556E-03
-3.12600E-06,+6.23718556E-03
-3.12500E-06,+6.88040163E-03
-3.12400E-06,+7.52361771E-03
-3.12300E-06,+7.52361771E-03
-3.12200E-06,+8.12663278E-03
-3.12100E-06,+7.52361771E-03
-3.12000E-06,+8.16683378E-03
-3.11900E-06,+8.81004985E-03
-3.11800E-06,+9.41306492E-03
-3.11700E-06,+9.45326593E-03
-3.11600E-06,+10.09648200E-03
-3.11500E-06,+10.05628100E-03
-3.11400E-06,+10.05628100E-03
-3.11300E-06,+10.09648200E-03
-3.11200E-06,+11.34271314E-03
-3.11100E-06,+11.34271314E-03
-3.11000E-06,+11.38291415E-03
-3.10900E-06,+12.62914529E-03
-3.10800E-06,+12.66934630E-03
-3.10700E-06,+12.62914529E-03
-3.10600E-06,+12.02613022E-03
-3.10500E-06,+12.02613022E-03
-3.10400E-06,+12.66934630E-03
-3.10300E-06,+13.31256237E-03
-3.10200E-06,+14.55879351E-03
-3.10100E-06,+14.55879351E-03
-3.10000E-06,+14.55879351E-03
-3.09900E-06,+13.91557744E-03
-3.09800E-06,+15.20200958E-03
-3.09700E-06,+14.59899452E-03
-3.09600E-06,+15.20200958E-03
-3.09500E-06,+15.84522566E-03
-3.09400E-06,+15.88542666E-03
-3.09300E-06,+15.88542666E-03
-3.09200E-06,+16.48844173E-03
-3.09100E-06,+16.48844173E-03
-3.09000E-06,+15.88542666E-03
-3.08900E-06,+15.88542666E-03
-3.08800E-06,+15.88542666E-03
-3.08700E-06,+17.13165781E-03
-3.08600E-06,+17.17185881E-03
-3.08500E-06,+17.77487388E-03
-3.08400E-06,+18.41808995E-03
-3.08300E-06,+17.81507488E-03
-3.08200E-06,+17.81507488E-03
-3.08100E-06,+17.81507488E-03
-3.08000E-06,+18.41808995E-03
-3.07900E-06,+18.45829096E-03
-3.07800E-06,+18.41808995E-03
-3.07700E-06,+18.41808995E-03
-3.07600E-06,+18.45829096E-03
-3.07500E-06,+18.45829096E-03
-3.07400E-06,+17.81507488E-03
-3.07300E-06,+17.81507488E-03
-3.07200E-06,+18.45829096E-03
-3.07100E-06,+18.45829096E-03
-3.07000E-06,+18.45829096E-03
-3.06900E-06,+19.06130603E-03
-3.06800E-06,+18.45829096E-03
-3.06700E-06,+18.41808995E-03
-3.06600E-06,+17.81507488E-03
-3.06500E-06,+17.17185881E-03
-3.06400E-06,+17.17185881E-03
-3.06300E-06,+17.81507488E-03
-3.06200E-06,+17.77487388E-03
-3.06100E-06,+17.77487388E-03
-3.06000E-06,+17.17185881E-03
-3.05900E-06,+17.77487388E-03
-3.05800E-06,+16.52864274E-03
-3.05700E-06,+15.88542666E-03
-3.05600E-06,+16.52864274E-03
-3.05500E-06,+16.48844173E-03
-3.05400E-06,+15.24221059E-03
-3.05300E-06,+16.48844173E-03
-3.05200E-06,+15.24221059E-03
-3.05100E-06,+15.24221059E-03
-3.05000E-06,+14.59899452E-03
-3.04900E-06,+13.95577844E-03
-3.04800E-06,+13.95577844E-03
-3.04700E-06,+13.95577844E-03
-3.04600E-06,+13.31256237E-03
-3.04500E-06,+13.91557744E-03
-3.04400E-06,+13.31256237E-03
-3.04300E-06,+12.62914529E-03
-3.04200E-06,+12.02613022E-03
-3.04100E-06,+11.38291415E-03
-3.04000E-06,+11.38291415E-03
-3.03900E-06,+11.38291415E-03
-3.03800E-06,+11.38291415E-03
-3.03700E-06,+10.73969807E-03
-3.03600E-06,+10.09648200E-03
-3.03500E-06,+9.45326593E-03
-3.03400E-06,+8.81004985E-03
-3.03300E-06,+7.52361771E-03
-3.03200E-06,+7.52361771E-03
-3.03100E-06,+8.12663278E-03
-3.03000E-06,+7.48341670E-03
-3.02900E-06,+7.48341670E-03
-3.02800E-06,+6.88040163E-03
-3.02700E-06,+6.19698456E-03
-3.02600E-06,+5.55376848E-03
-3.02500E-06,+4.30753734E-03
-3.02400E-06,+3.66432127E-03
-3.02300E-06,+3.66432127E-03
-3.02200E-06,+3.62412026E-03
-3.02100E-06,+3.02110519E-03
-3.02000E-06,+3.02110519E-03
-3.01900E-06,+1.73467305E-03
-3.01800E-06,+1.69447204E-03
-3.01700E-06,+448.24090E-06
-3.01600E-06,+448.24090E-06
-3.01500E-06,+448.24090E-06
-3.01400E-06,-194.97517E-06
-3.01300E-06,-838.19125E-06
-3.01200E-06,-838.19125E-06
-3.01100E-06,-1.48140732E-03
-3.01000E-06,-1.48140732E-03
-3.00900E-06,-2.76783947E-03
-3.00800E-06,-2.16482440E-03
-3.00700E-06,-3.41105554E-03
-3.00600E-06,-3.41105554E-03
-3.00500E-06,-3.41105554E-03
-3.00400E-06,-3.41105554E-03
-3.00300E-06,-4.05427162E-03
-3.00200E-06,-4.69748769E-03
-3.00100E-06,-5.34070376E-03
-3.00000E-06,-4.73768869E-03
-2.99900E-06,-5.34070376E-03
-2.99800E-06,-5.98391984E-03
-2.99700E-06,-6.02412084E-03
-2.99600E-06,-5.98391984E-03
-2.99500E-06,-6.62713591E-03
-2.99400E-06,-6.62713591E-03
-2.99300E-06,-7.91356806E-03
-2.99200E-06,-7.91356806E-03
-2.99100E-06,-7.31055299E-03
-2.99000E-06,-7.95376906E-03
-2.98900E-06,-8.55678413E-03
-2.98800E-06,-8.55678413E-03
-2.98700E-06,-9.84321628E-03
-2.98600E-06,-9.84321628E-03
-2.98500E-06,-10.48643235E-03
-2.98400E-06,-10.48643235E-03
-2.98300E-06,-10.48643235E-03
-2.98200E-06,-10.48643235E-03
-2.98100E-06,-11.08944742E-03
-2.98000E-06,-11.12964842E-03
-2.97900E-06,-11.77286450E-03
-2.97800E-06,-12.41608057E-03
-2.97700E-06,-13.01909564E-03
-2.97600E-06,-12.41608057E-03
-2.97500E-06,-12.41608057E-03
-2.97400E-06,-13.05929665E-03
-2.97300E-06,-13.05929665E-03
-2.97200E-06,-13.66231171E-03
-2.97100E-06,-13.70251272E-03
-2.97000E-06,-14.34572879E-03
-2.96900E-06,-14.94874386E-03
-2.96800E-06,-14.98894487E-03
-2.96700E-06,-14.98894487E-03
-2.96600E-06,-14.98894487E-03
-2.96500E-06,-14.98894487E-03
-2.96400E-06,-14.98894487E-03
-2.96300E-06,-15.63216094E-03
-2.96200E-06,-16.27537701E-03
-2.96100E-06,-16.27537701E-03
-2.96000E-06,-16.91859309E-03
-2.95900E-06,-16.91859309E-03
-2.95800E-06,-16.91859309E-03
-2.95700E-06,-17.56180916E-03
-2.95600E-06,-18.16482423E-03
-2.95500E-06,-18.20502523E-03
-2.95400E-06,-18.84824131E-03
-2.95300E-06,-19.45125638E-03
-2.95200E-06,-18.84824131E-03
-2.95100E-06,-18.84824131E-03
-2.95000E-06,-19.49145738E-03
-2.94900E-06,-18.80804030E-03
-2.94800E-06,-18.84824131E-03
-2.94700E-06,-18.84824131E-03
-2.94600E-06,-19.49145738E-03
-2.94500E-06,-20.13467345E-03
-2.94400E-06,-18.84824131E-03
-2.94300E-06,-18.84824131E-03
-2.94200E-06,-18.84824131E-03
-2.94100E-06,-18.20502523E-03
-2.94000E-06,-18.84824131E-03
-2.93900E-06,-19.49145738E-03
-2.93800E-06,-19.45125638E-03
-2.93700E-06,-18.84824131E-03
-2.93600E-06,-18.20502523E-03
-2.93500E-06,-17.56180916E-03
-2.93400E-06,-18.20502523E-03
-2.93300E-06,-16.91859309E-03
-2.93200E-06,-17.56180916E-03
-2.93100E-06,-16.91859309E-03
-2.93000E-06,-17.56180916E-03
-2.92900E-06,-17.56180916E-03
-2.92800E-06,-16.91859309E-03
-2.92700E-06,-15.63216094E-03
-2.92600E-06,-15.63216094E-03
-2.92500E-06,-14.98894487E-03
-2.92400E-06,-14.98894487E-03
-2.92300E-06,-14.98894487E-03
-2.92200E-06,-14.98894487E-03
-2.92100E-06,-15.59195993E-03
-2.92000E-06,-13.70251272E-03
-2.91900E-06,-13.70251272E-03
-2.91800E-06,-13.05929665E-03
-2.91700E-06,-12.41608057E-03
-2.91600E-06,-11.77286450E-03
-2.91500E-06,-11.77286450E-03
-2.91400E-06,-11.77286450E-03
-2.91300E-06,-11.73266349E-03
-2.91200E-06,-10.48643235E-03
-2.91100E-06,-9.20000020E-03
-2.91000E-06,-9.84321628E-03
-2.90900E-06,-9.20000020E-03
-2.90800E-06,-7.91356806E-03
-2.90700E-06,-7.95376906E-03
-2.90600E-06,-7.91356806E-03
-2.90500E-06,-7.91356806E-03
-2.90400E-06,-6.66733691E-03
-2.90300E-06,-6.62713591E-03
-2.90200E-06,-5.98391984E-03
-2.90100E-06,-4.73768869E-03
-2.90000E-06,-4.73768869E-03
-2.89900E-06,-4.05427162E-03
-2.89800E-06,-3.45125655E-03
-2.89700E-06,-4.09447262E-03
-2.89600E-06,-4.05427162E-03
-2.89500E-06,-3.41105554E-03
-2.89400E-06,-2.16482440E-03
-2.89300E-06,-2.12462340E-03
-2.89200E-06,-1.48140732E-03
-2.89100E-06,-2.12462340E-03
-2.89000E-06,-1.52160833E-03
-2.88900E-06,-1.48140732E-03
-2.88800E-06,-838.19125E-06
-2.88700E-06,+1.05125597E-03
-2.88600E-06,+1.05125597E-03
-2.88500E-06,+1.05125597E-03
-2.88400E-06,+1.69447204E-03
-2.88300E-06,+1.69447204E-03
-2.88200E-06,+1.73467305E-03
-2.88100E-06,+1.09145697E-03
-2.88000E-06,+1.73467305E-03
-2.87900E-06,+2.98090419E-03
-2.87800E-06,+2.98090419E-03
-2.87700E-06,+3.62412026E-03
-2.87600E-06,+3.66432127E-03
-2.87500E-06,+3.66432127E-03
-2.87400E-06,+4.30753734E-03
-2.87300E-06,+3.66432127E-03
-2.87200E-06,+4.91055241E-03
-2.87100E-06,+5.55376848E-03
-2.87000E-06,+5.55376848E-03
-2.86900E-06,+6.19698456E-03
-2.86800E-06,+6.19698456E-03
-2.86700E-06,+6.19698456E-03
-2.86600E-06,+6.19698456E-03
-2.86500E-06,+6.23718556E-03
-2.86400E-06,+6.23718556E-03
-2.86300E-06,+7.48341670E-03
-2.86200E-06,+7.48341670E-03
-2.86100E-06,+7.48341670E-03
-2.86000E-06,+8.12663278E-03
-2.85900E-06,+8.12663278E-03
-2.85800E-06,+7.52361771E-03
-2.85700E-06,+7.52361771E-03
-2.85600E-06,+8.76984885E-03
-2.85500E-06,+9.41306492E-03
-2.85400E-06,+10.05628100E-03
-2.85300E-06,+9.45326593E-03
-2.85200E-06,+10.05628100E-03
-2.85100E-06,+10.05628100E-03
-2.85000E-06,+10.05628100E-03
-2.84900E-06,+10.09648200E-03
-2.84800E-06,+10.09648200E-03
-2.84700E-06,+10.69949707E-03
-2.84600E-06,+10.73969807E-03
-2.84500E-06,+11.34271314E-03
-2.84400E-06,+10.73969807E-03
-2.84300E-06,+11.38291415E-03
-2.84200E-06,+11.38291415E-03
-2.84100E-06,+11.38291415E-03
-2.84000E-06,+11.34271314E-03
-2.83900E-06,+11.34271314E-03
-2.83800E-06,+11.98592922E-03
-2.83700E-06,+11.98592922E-03
-2.83600E-06,+12.02613022E-03
-2.83500E-06,+11.38291415E-03
-2.83400E-06,+11.38291415E-03
-2.83300E-06,+10.09648200E-03
-2.83200E-06,+11.38291415E-03
-2.83100E-06,+12.02613022E-03
-2.83000E-06,+11.98592922E-03
-2.82900E-06,+11.98592922E-03
-2.82800E-06,+12.02613022E-03
-2.82700E-06,+11.38291415E-03
-2.82600E-06,+10.73969807E-03
-2.82500E-06,+10.73969807E-03
-2.82400E-06,+10.73969807E-03
-2.82300E-06,+11.34271314E-03
-2.82200E-06,+11.34271314E-03
-2.82100E-06,+10.73969807E-03
-2.82000E-06,+10.73969807E-03
-2.81900E-06,+10.09648200E-03
-2.81800E-06,+9.45326593E-03
-2.81700E-06,+10.09648200E-03
-2.81600E-06,+9.45326593E-03
-2.81500E-06,+9.45326593E-03
-2.81400E-06,+9.41306492E-03
-2.81300E-06,+8.81004985E-03
-2.81200E-06,+8.81004985E-03
-2.81100E-06,+8.16683378E-03
-2.81000E-06,+8.16683378E-03
-2.80900E-06,+6.88040163E-03
-2.80800E-06,+7.52361771E-03
-2.80700E-06,+7.52361771E-03
-2.80600E-06,+7.48341670E-03
-2.80500E-06,+6.88040163E-03
-2.80400E-06,+6.23718556E-03
-2.80300E-06,+5.59396949E-03
-2.80200E-06,+5.59396949E-03
-2.80100E-06,+4.95075341E-03
-2.80000E-06,+4.91055241E-03
-2.79900E-06,+4.30753734E-03
-2.79800E-06,+3.66432127E-03
-2.79700E-06,+4.26733634E-03
-2.79600E-06,+3.02110519E-03
-2.79500E-06,+3.62412026E-03
-2.79400E-06,+2.37788912E-03
-2.79300E-06,+1.09145697E-03
-2.79200E-06,+1.05125597E-03
-2.79100E-06,+1.09145697E-03
-2.79000E-06,+448.24090E-06
-2.78900E-06,-194.97517E-06
-2.78800E-06,-194.97517E-06
-2.78700E-06,-838.19125E-06
-2.78600E-06,-1.48140732E-03
-2.78500E-06,-2.76783947E-03
-2.78400E-06,-2.16482440E-03
-2.78300E-06,-2.76783947E-03
-2.78200E-06,-3.41105554E-03
-2.78100E-06,-4.09447262E-03
-2.78000E-06,-4.69748769E-03
-2.77900E-06,-5.34070376E-03
-2.77800E-06,-5.38090477E-03
-2.77700E-06,-6.62713591E-03
-2.77600E-06,-6.02412084E-03
-2.77500E-06,-6.02412084E-03
-2.77400E-06,-6.62713591E-03
-2.77300E-06,-6.66733691E-03
-2.77200E-06,-7.91356806E-03
-2.77100E-06,-8.55678413E-03
-2.77000E-06,-8.55678413E-03
-2.76900E-06,-9.80301527E-03
-2.76800E-06,-9.20000020E-03
-2.76700E-06,-9.20000020E-03
-2.76600E-06,-9.84321628E-03
-2.76500E-06,-9.84321628E-03
-2.76400E-06,-11.08944742E-03
-2.76300E-06,-11.73266349E-03
-2.76200E-06,-11.77286450E-03
-2.76100E-06,-12.37587957E-03
-2.76000E-06,-12.41608057E-03
-2.75900E-06,-11.77286450E-03
-2.75800E-06,-13.01909564E-03
-2.75700E-06,-13.05929665E-03
-2.75600E-06,-13.05929665E-03
-2.75500E-06,-14.30552779E-03
-2.75400E-06,-14.34572879E-03
-2.75300E-06,-14.94874386E-03
-2.75200E-06,-14.98894487E-03
-2.75100E-06,-14.98894487E-03
-2.75000E-06,-15.63216094E-03
-2.74900E-06,-15.63216094E-03
-2.74800E-06,-15.63216094E-03
-2.74700E-06,-15.63216094E-03
-2.74600E-06,-16.27537701E-03
-2.74500E-06,-17.52160816E-03
-2.74400E-06,-16.91859309E-03
-2.74300E-06,-17.56180916E-03
-2.74200E-06,-18.20502523E-03
-2.74100E-06,-17.56180916E-03
-2.74000E-06,-18.16482423E-03
-2.73900E-06,-18.84824131E-03
-2.73800E-06,-18.84824131E-03
-2.73700E-06,-20.13467345E-03
-2.73600E-06,-20.13467345E-03
-2.73500E-06,-18.84824131E-03
-2.73400E-06,-19.49145738E-03
-2.73300E-06,-20.13467345E-03
-2.73200E-06,-20.73768852E-03
-2.73100E-06,-21.42110560E-03
-2.73000E-06,-22.02412067E-03
-2.72900E-06,-22.06432167E-03
-2.72800E-06,-22.06432167E-03
-2.72700E-06,-22.06432167E-03
-2.72600E-06,-22.06432167E-03
-2.72500E-06,-22.66733674E-03
-2.72400E-06,-23.35075382E-03
-2.72300E-06,-23.35075382E-03
-2.72200E-06,-23.95376889E-03
-2.72100E-06,-24.63718597E-03
-2.72000E-06,-24.63718597E-03
-2.71900E-06,-23.99396989E-03
-2.71800E-06,-23.99396989E-03
-2.71700E-06,-24.63718597E-03
-2.71600E-06,-25.28040204E-03
-2.71500E-06,-25.28040204E-03
-2.71400E-06,-25.28040204E-03
-2.71300E-06,-26.52663318E-03
-2.71200E-06,-25.92361812E-03
-2.71100E-06,-25.28040204E-03
-2.71000E-06,-25.92361812E-03
-2.70900E-06,-25.92361812E-03
-2.70800E-06,-25.92361812E-03
-2.70700E-06,-26.56683419E-03
-2.70600E-06,-25.92361812E-03
-2.70500E-06,-26.52663318E-03
-2.70400E-06,-26.56683419E-03
-2.70300E-06,-26.56683419E-03
-2.70200E-06,-25.92361812E-03
-2.70100E-06,-25.92361812E-03
-2.70000E-06,-25.92361812E-03
-2.69900E-06,-25.92361812E-03
-2.69800E-06,-26.52663318E-03
-2.69700E-06,-26.52663318E-03
-2.69600E-06,-25.92361812E-03
-2.69500E-06,-25.92361812E-03
-2.69400E-06,-25.28040204E-03
-2.69300E-06,-25.28040204E-03
-2.69200E-06,-24.63718597E-03
-2.69100E-06,-24.63718597E-03
-2.69000E-06,-23.99396989E-03
-2.68900E-06,-24.59698496E-03
-2.68800E-06,-23.35075382E-03
-2.68700E-06,-22.70753775E-03
-2.68600E-06,-22.70753775E-03
-2.68500E-06,-23.31055282E-03
-2.68400E-06,-22.70753775E-03
-2.68300E-06,-22.70753775E-03
-2.68200E-06,-22.70753775E-03
-2.68100E-06,-22.66733674E-03
-2.68000E-06,-21.42110560E-03
-2.67900E-06,-20.13467345E-03
-2.67800E-06,-19.49145738E-03
-2.67700E-06,-19.49145738E-03
-2.67600E-06,-18.84824131E-03
-2.67500E-06,-18.84824131E-03
-2.67400E-06,-18.84824131E-03
-2.67300E-06,-18.80804030E-03
-2.67200E-06,-18.20502523E-03
-2.67100E-06,-16.91859309E-03
-2.67000E-06,-16.27537701E-03
-2.66900E-06,-16.27537701E-03
-2.66800E-06,-15.63216094E-03
-2.66700E-06,-14.98894487E-03
-2.66600E-06,-14.34572879E-03
-2.66500E-06,-14.34572879E-03
-2.66400E-06,-13.05929665E-03
-2.66300E-06,-13.05929665E-03
-2.66200E-06,-12.41608057E-03
-2.66100E-06,-12.41608057E-03
-2.66000E-06,-12.41608057E-03
-2.65900E-06,-11.77286450E-03
-2.65800E-06,-11.12964842E-03
-2.65700E-06,-11.73266349E-03
-2.65600E-06,-10.48643235E-03
-2.65500E-06,-9.84321628E-03
-2.65400E-06,-9.20000020E-03
-2.65300E-06,-9.20000020E-03
-2.65200E-06,-8.55678413E-03
-2.65100E-06,-8.59698514E-03
-2.65000E-06,-9.20000020E-03
-2.64900E-06,-9.20000020E-03
-2.64800E-06,-7.91356806E-03
-2.64700E-06,-7.27035198E-03
-2.64600E-06,-6.66733691E-03
-2.64500E-06,-6.62713591E-03
-2.64400E-06,-5.38090477E-03
-2.64300E-06,-5.34070376E-03
-2.64200E-06,-4.73768869E-03
-2.64100E-06,-5.34070376E-03
-2.64000E-06,-4.73768869E-03
-2.63900E-06,-4.05427162E-03
-2.63800E-06,-4.09447262E-03
-2.63700E-06,-3.45125655E-03
-2.63600E-06,-3.41105554E-03
-2.63500E-06,-2.76783947E-03
-2.63400E-06,-2.76783947E-03
-2.63300E-06,-2.76783947E-03
-2.63200E-06,-2.16482440E-03
-2.63100E-06,-1.48140732E-03
-2.63000E-06,-235.17618E-06
-2.62900E-06,-838.19125E-06
-2.62800E-06,-235.17618E-06
-2.62700E-06,-235.17618E-06
-2.62600E-06,-235.17618E-06
-2.62500E-06,-838.19125E-06
-2.62400E-06,+408.03989E-06
-2.62300E-06,+1.05125597E-03
-2.62200E-06,+1.09145697E-03
-2.62100E-06,+1.73467305E-03
-2.62000E-06,+1.73467305E-03
-2.61900E-06,+1.73467305E-03
-2.61800E-06,+2.33768811E-03
-2.61700E-06,+1.73467305E-03
-2.61600E-06,+2.37788912E-03
-2.61500E-06,+2.98090419E-03
-2.61400E-06,+3.62412026E-03
-2.61300E-06,+3.66432127E-03
-2.61200E-06,+3.02110519E-03
-2.61100E-06,+3.62412026E-03
-2.61000E-06,+4.26733634E-03
-2.60900E-06,+3.66432127E-03
-2.60800E-06,+4.91055241E-03
-2.60700E-06,+5.55376848E-03
-2.60600E-06,+4.30753734E-03
-2.60500E-06,+4.91055241E-03
-2.60400E-06,+4.95075341E-03
-2.60300E-06,+4.95075341E-03
-2.60200E-06,+4.30753734E-03
-2.60100E-06,+4.95075341E-03
-2.60000E-06,+4.95075341E-03
-2.59900E-06,+5.55376848E-03
-2.59800E-06,+6.23718556E-03
-2.59700E-06,+6.84020063E-03
-2.59600E-06,+6.23718556E-03
-2.59500E-06,+6.23718556E-03
-2.59400E-06,+6.23718556E-03
-2.59300E-06,+6.23718556E-03
-2.59200E-06,+6.23718556E-03
-2.59100E-06,+6.84020063E-03
-2.59000E-06,+6.84020063E-03
-2.58900E-06,+6.88040163E-03
-2.58800E-06,+6.84020063E-03
-2.58700E-06,+6.84020063E-03
-2.58600E-06,+6.23718556E-03
-2.58500E-06,+6.88040163E-03
-2.58400E-06,+6.19698456E-03
-2.58300E-06,+6.23718556E-03
-2.58200E-06,+5.59396949E-03
-2.58100E-06,+5.59396949E-03
-2.58000E-06,+6.19698456E-03
-2.57900E-06,+6.23718556E-03
-2.57800E-06,+4.95075341E-03
-2.57700E-06,+4.95075341E-03
-2.57600E-06,+4.30753734E-03
-2.57500E-06,+4.91055241E-03
-2.57400E-06,+4.95075341E-03
-2.57300E-06,+4.91055241E-03
-2.57200E-06,+3.66432127E-03
-2.57100E-06,+4.26733634E-03
-2.57000E-06,+3.02110519E-03
-2.56900E-06,+2.37788912E-03
-2.56800E-06,+2.98090419E-03
-2.56700E-06,+2.37788912E-03
-2.56600E-06,+2.98090419E-03
-2.56500E-06,+2.37788912E-03
-2.56400E-06,+2.37788912E-03
-2.56300E-06,+1.09145697E-03
-2.56200E-06,+1.09145697E-03
-2.56100E-06,-194.97517E-06
-2.56000E-06,-194.97517E-06
-2.55900E-06,-194.97517E-06
-2.55800E-06,-235.17618E-06
-2.55700E-06,-838.19125E-06
-2.55600E-06,-838.19125E-06
-2.55500E-06,-1.52160833E-03
-2.55400E-06,-2.12462340E-03
-2.55300E-06,-2.76783947E-03
-2.55200E-06,-3.41105554E-03
-2.55100E-06,-3.41105554E-03
-2.55000E-06,-3.41105554E-03
-2.54900E-06,-3.41105554E-03
-2.54800E-06,-4.05427162E-03
-2.54700E-06,-5.34070376E-03
-2.54600E-06,-5.98391984E-03
-2.54500E-06,-6.62713591E-03
-2.54400E-06,-6.62713591E-03
-2.54300E-06,-7.27035198E-03
-2.54200E-06,-7.27035198E-03
-2.54100E-06,-8.55678413E-03
-2.54000E-06,-7.91356806E-03
-2.53900E-06,-8.59698514E-03
-2.53800E-06,-9.20000020E-03
-2.53700E-06,-10.44623135E-03
-2.53600E-06,-9.84321628E-03
-2.53500E-06,-10.48643235E-03
-2.53400E-06,-11.12964842E-03
-2.53300E-06,-11.12964842E-03
-2.53200E-06,-11.73266349E-03
-2.53100E-06,-11.77286450E-03
-2.53000E-06,-12.41608057E-03
-2.52900E-06,-13.66231171E-03
-2.52800E-06,-13.70251272E-03
-2.52700E-06,-13.70251272E-03
-2.52600E-06,-14.34572879E-03
-2.52500E-06,-14.30552779E-03
-2.52400E-06,-14.30552779E-03
-2.52300E-06,-14.98894487E-03
-2.52200E-06,-14.34572879E-03
-2.52100E-06,-15.63216094E-03
-2.52000E-06,-15.63216094E-03
-2.51900E-06,-15.63216094E-03
-2.51800E-06,-16.23517601E-03
-2.51700E-06,-16.87839208E-03
-2.51600E-06,-17.56180916E-03
-2.51500E-06,-18.20502523E-03
-2.51400E-06,-18.20502523E-03
-2.51300E-06,-18.80804030E-03
-2.51200E-06,-18.84824131E-03
-2.51100E-06,-17.56180916E-03
-2.51000E-06,-18.20502523E-03
-2.50900E-06,-18.84824131E-03
-2.50800E-06,-19.49145738E-03
-2.50700E-06,-20.13467345E-03
-2.50600E-06,-20.13467345E-03
-2.50500E-06,-20.77788953E-03
-2.50400E-06,-20.77788953E-03
-2.50300E-06,-20.77788953E-03
-2.50200E-06,-20.77788953E-03
-2.50100E-06,-20.77788953E-03
-2.50000E-06,-21.42110560E-03
-2.49900E-06,-22.66733674E-03
-2.49800E-06,-22.06432167E-03
-2.49700E-06,-22.66733674E-03
-2.49600E-06,-22.70753775E-03
-2.49500E-06,-22.70753775E-03
-2.49400E-06,-23.35075382E-03
-2.49300E-06,-23.95376889E-03
-2.49200E-06,-23.95376889E-03
-2.49100E-06,-23.99396989E-03
-2.49000E-06,-24.59698496E-03
-2.48900E-06,-25.88341711E-03
-2.48800E-06,-25.28040204E-03
-2.48700E-06,-25.28040204E-03
-2.48600E-06,-25.28040204E-03
-2.48500E-06,-25.28040204E-03
-2.48400E-06,-25.92361812E-03
-2.48300E-06,-25.92361812E-03
-2.48200E-06,-26.56683419E-03
-2.48100E-06,-27.81306533E-03
-2.48000E-06,-27.21005026E-03
-2.47900E-06,-27.21005026E-03
-2.47800E-06,-27.21005026E-03
-2.47700E-06,-27.85326634E-03
-2.47600E-06,-28.49648241E-03
-2.47500E-06,-28.49648241E-03
-2.47400E-06,-28.49648241E-03
-2.47300E-06,-29.74271355E-03
-2.47200E-06,-29.78291456E-03
-2.47100E-06,-29.74271355E-03
-2.47000E-06,-29.13969848E-03
-2.46900E-06,-29.13969848E-03
-2.46800E-06,-29.13969848E-03
-2.46700E-06,-29.13969848E-03
-2.46600E-06,-29.78291456E-03
-2.46500E-06,-30.38592963E-03
-2.46400E-06,-29.78291456E-03
-2.46300E-06,-29.13969848E-03
-2.46200E-06,-29.74271355E-03
-2.46100E-06,-29.13969848E-03
-2.46000E-06,-29.13969848E-03
-2.45900E-06,-29.13969848E-03
-2.45800E-06,-29.78291456E-03
-2.45700E-06,-29.78291456E-03
-2.45600E-06,-29.13969848E-03
-2.45500E-06,-28.49648241E-03
-2.45400E-06,-28.49648241E-03
-2.45300E-06,-28.45628140E-03
-2.45200E-06,-27.85326634E-03
-2.45100E-06,-27.85326634E-03
-2.45000E-06,-27.85326634E-03
-2.44900E-06,-27.85326634E-03
-2.44800E-06,-27.21005026E-03
-2.44700E-06,-26.56683419E-03
-2.44600E-06,-26.56683419E-03
-2.44500E-06,-26.56683419E-03
-2.44400E-06,-25.28040204E-03
-2.44300E-06,-25.28040204E-03
-2.44200E-06,-25.28040204E-03
-2.44100E-06,-25.28040204E-03
-2.44000E-06,-24.63718597E-03
-2.43900E-06,-23.35075382E-03
-2.43800E-06,-22.70753775E-03
-2.43700E-06,-22.70753775E-03
-2.43600E-06,-22.70753775E-03
-2.43500E-06,-21.42110560E-03
-2.43400E-06,-22.06432167E-03
-2.43300E-06,-22.02412067E-03
-2.43200E-06,-21.42110560E-03
-2.43100E-06,-19.49145738E-03
-2.43000E-06,-19.49145738E-03
-2.42900E-06,-18.84824131E-03
-2.42800E-06,-18.20502523E-03
-2.42700E-06,-17.56180916E-03
-2.42600E-06,-17.56180916E-03
-2.42500E-06,-17.52160816E-03
-2.42400E-06,-16.91859309E-03
-2.42300E-06,-16.27537701E-03
-2.42200E-06,-15.63216094E-03
-2.42100E-06,-14.98894487E-03
-2.42000E-06,-14.34572879E-03
-2.41900E-06,-14.34572879E-03
-2.41800E-06,-13.70251272E-03
-2.41700E-06,-14.30552779E-03
-2.41600E-06,-13.05929665E-03
-2.41500E-06,-11.77286450E-03
-2.41400E-06,-11.77286450E-03
-2.41300E-06,-11.77286450E-03
-2.41200E-06,-11.12964842E-03
-2.41100E-06,-11.12964842E-03
-2.41000E-06,-11.12964842E-03
-2.40900E-06,-11.08944742E-03
-2.40800E-06,-9.20000020E-03
-2.40700E-06,-8.59698514E-03
-2.40600E-06,-8.55678413E-03
-2.40500E-06,-8.55678413E-03
-2.40400E-06,-7.91356806E-03
-2.40300E-06,-7.31055299E-03
-2.40200E-06,-7.31055299E-03
-2.40100E-06,-7.91356806E-03
-2.40000E-06,-6.66733691E-03
-2.39900E-06,-5.98391984E-03
-2.39800E-06,-5.38090477E-03
-2.39700E-06,-5.34070376E-03
-2.39600E-06,-4.69748769E-03
-2.39500E-06,-5.34070376E-03
-2.39400E-06,-4.69748769E-03
-2.39300E-06,-4.69748769E-03
-2.39200E-06,-4.09447262E-03
-2.39100E-06,-2.80804047E-03
-2.39000E-06,-2.76783947E-03
-2.38900E-06,-2.76783947E-03
-2.38800E-06,-2.12462340E-03
-2.38700E-06,-2.16482440E-03
-2.38600E-06,-1.52160833E-03
-2.38500E-06,-2.76783947E-03
-2.38400E-06,-2.12462340E-03
-2.38300E-06,-878.39225E-06
-2.38200E-06,-878.39225E-06
-2.38100E-06,-235.17618E-06
-2.38000E-06,-235.17618E-06
-2.37900E-06,+408.03989E-06
-2.37800E-06,-194.97517E-06
-2.37700E-06,+448.24090E-06
-2.37600E-06,+408.03989E-06
-2.37500E-06,+1.05125597E-03
-2.37400E-06,+1.09145697E-03
-2.37300E-06,+1.09145697E-03
-2.37200E-06,+2.33768811E-03
-2.37100E-06,+2.33768811E-03
-2.37000E-06,+2.37788912E-03
-2.36900E-06,+1.73467305E-03
-2.36800E-06,+2.98090419E-03
-2.36700E-06,+3.02110519E-03
-2.36600E-06,+3.62412026E-03
-2.36500E-06,+3.66432127E-03
-2.36400E-06,+4.26733634E-03
-2.36300E-06,+3.66432127E-03
-2.36200E-06,+3.66432127E-03
-2.36100E-06,+3.66432127E-03
-2.36000E-06,+4.26733634E-03
-2.35900E-06,+4.95075341E-03
-2.35800E-06,+4.91055241E-03
-2.35700E-06,+5.59396949E-03
-2.35600E-06,+5.59396949E-03
-2.35500E-06,+5.55376848E-03
-2.35400E-06,+4.95075341E-03
-2.35300E-06,+4.30753734E-03
-2.35200E-06,+4.91055241E-03
-2.35100E-06,+5.59396949E-03
-2.35000E-06,+5.55376848E-03
-2.34900E-06,+5.55376848E-03
-2.34800E-06,+5.59396949E-03
-2.34700E-06,+4.95075341E-03
-2.34600E-06,+4.95075341E-03
-2.34500E-06,+4.95075341E-03
-2.34400E-06,+5.59396949E-03
-2.34300E-06,+6.19698456E-03
-2.34200E-06,+5.59396949E-03
-2.34100E-06,+5.55376848E-03
-2.34000E-06,+6.19698456E-03
-2.33900E-06,+4.95075341E-03
-2.33800E-06,+4.30753734E-03
-2.33700E-06,+4.30753734E-03
-2.33600E-06,+4.30753734E-03
-2.33500E-06,+4.91055241E-03
-2.33400E-06,+4.30753734E-03
-2.33300E-06,+4.26733634E-03
-2.33200E-06,+3.66432127E-03
-2.33100E-06,+3.66432127E-03
-2.33000E-06,+3.02110519E-03
-2.32900E-06,+2.37788912E-03
-2.32800E-06,+3.02110519E-03
-2.32700E-06,+2.37788912E-03
-2.32600E-06,+2.37788912E-03
-2.32500E-06,+3.02110519E-03
-2.32400E-06,+2.37788912E-03
-2.32300E-06,+2.33768811E-03
-2.32200E-06,+1.69447204E-03
-2.32100E-06,+448.24090E-06
-2.32000E-06,+448.24090E-06
-2.31900E-06,+448.24090E-06
-2.31800E-06,+408.03989E-06
-2.31700E-06,-838.19125E-06
-2.31600E-06,-194.97517E-06
-2.31500E-06,-838.19125E-06
-2.31400E-06,-1.48140732E-03
-2.31300E-06,-2.12462340E-03
-2.31200E-06,-2.12462340E-03
-2.31100E-06,-2.12462340E-03
-2.31000E-06,-2.76783947E-03
-2.30900E-06,-3.41105554E-03
-2.30800E-06,-3.41105554E-03
-2.30700E-06,-4.09447262E-03
-2.30600E-06,-5.34070376E-03
-2.30500E-06,-6.62713591E-03
-2.30400E-06,-5.34070376E-03
-2.30300E-06,-5.98391984E-03
-2.30200E-06,-6.02412084E-03
-2.30100E-06,-7.27035198E-03
-2.30000E-06,-7.91356806E-03
-2.29900E-06,-7.95376906E-03
-2.29800E-06,-8.59698514E-03
-2.29700E-06,-9.80301527E-03
-2.29600E-06,-9.20000020E-03
-2.29500E-06,-9.20000020E-03
-2.29400E-06,-9.84321628E-03
-2.29300E-06,-9.84321628E-03
-2.29200E-06,-11.08944742E-03
-2.29100E-06,-11.12964842E-03
-2.29000E-06,-11.73266349E-03
-2.28900E-06,-12.37587957E-03
-2.28800E-06,-11.77286450E-03
-2.28700E-06,-11.77286450E-03
-2.28600E-06,-13.05929665E-03
-2.28500E-06,-13.05929665E-03
-2.28400E-06,-13.66231171E-03
-2.28300E-06,-14.30552779E-03
-2.28200E-06,-13.70251272E-03
-2.28100E-06,-15.59195993E-03
-2.28000E-06,-15.59195993E-03
-2.27900E-06,-14.34572879E-03
-2.27800E-06,-14.98894487E-03
-2.27700E-06,-14.98894487E-03
-2.27600E-06,-15.59195993E-03
-2.27500E-06,-15.63216094E-03
-2.27400E-06,-16.23517601E-03
-2.27300E-06,-16.87839208E-03
-2.27200E-06,-16.91859309E-03
-2.27100E-06,-16.27537701E-03
-2.27000E-06,-16.91859309E-03
-2.26900E-06,-16.87839208E-03
-2.26800E-06,-16.91859309E-03
-2.26700E-06,-18.20502523E-03
-2.26600E-06,-18.20502523E-03
-2.26500E-06,-19.45125638E-03
-2.26400E-06,-19.45125638E-03
-2.26300E-06,-18.84824131E-03
-2.26200E-06,-18.84824131E-03
-2.26100E-06,-18.84824131E-03
-2.26000E-06,-19.49145738E-03
-2.25900E-06,-20.09447245E-03
-2.25800E-06,-20.13467345E-03
-2.25700E-06,-20.73768852E-03
-2.25600E-06,-20.77788953E-03
-2.25500E-06,-20.77788953E-03
-2.25400E-06,-21.42110560E-03
-2.25300E-06,-22.02412067E-03
-2.25200E-06,-21.42110560E-03
-2.25100E-06,-22.06432167E-03
-2.25000E-06,-22.66733674E-03
-2.24900E-06,-22.70753775E-03
-2.24800E-06,-22.70753775E-03
-2.24700E-06,-22.06432167E-03
-2.24600E-06,-22.06432167E-03
-2.24500E-06,-22.70753775E-03
-2.24400E-06,-22.70753775E-03
-2.24300E-06,-23.95376889E-03
-2.24200E-06,-23.99396989E-03
-2.24100E-06,-24.59698496E-03
-2.24000E-06,-25.24020104E-03
-2.23900E-06,-24.63718597E-03
-2.23800E-06,-24.63718597E-03
-2.23700E-06,-24.63718597E-03
-2.23600E-06,-25.88341711E-03
-2.23500E-06,-25.92361812E-03
-2.23400E-06,-25.92361812E-03
-2.23300E-06,-26.52663318E-03
-2.23200E-06,-27.16984926E-03
-2.23100E-06,-25.92361812E-03
-2.23000E-06,-25.92361812E-03
-2.22900E-06,-26.52663318E-03
-2.22800E-06,-26.56683419E-03
-2.22700E-06,-26.56683419E-03
-2.22600E-06,-27.21005026E-03
-2.22500E-06,-27.21005026E-03
-2.22400E-06,-27.21005026E-03
-2.22300E-06,-26.56683419E-03
-2.22200E-06,-27.21005026E-03
-2.22100E-06,-26.56683419E-03
-2.22000E-06,-25.92361812E-03
-2.21900E-06,-25.92361812E-03
-2.21800E-06,-26.52663318E-03
-2.21700E-06,-26.52663318E-03
-2.21600E-06,-25.28040204E-03
-2.21500E-06,-24.63718597E-03
-2.21400E-06,-24.63718597E-03
-2.21300E-06,-24.63718597E-03
-2.21200E-06,-24.63718597E-03
-2.21100E-06,-24.63718597E-03
-2.21000E-06,-23.99396989E-03
-2.20900E-06,-24.63718597E-03
-2.20800E-06,-23.35075382E-03
-2.20700E-06,-23.35075382E-03
-2.20600E-06,-22.70753775E-03
-2.20500E-06,-22.06432167E-03
-2.20400E-06,-22.06432167E-03
-2.20300E-06,-21.42110560E-03
-2.20200E-06,-21.42110560E-03
-2.20100E-06,-22.66733674E-03
-2.20000E-06,-20.77788953E-03
-2.19900E-06,-19.49145738E-03
-2.19800E-06,-19.49145738E-03
-2.19700E-06,-18.84824131E-03
-2.19600E-06,-18.20502523E-03
-2.19500E-06,-18.84824131E-03
-2.19400E-06,-18.20502523E-03
-2.19300E-06,-18.16482423E-03
-2.19200E-06,-16.91859309E-03
-2.19100E-06,-16.27537701E-03
-2.19000E-06,-14.98894487E-03
-2.18900E-06,-14.98894487E-03
-2.18800E-06,-14.34572879E-03
-2.18700E-06,-14.34572879E-03
-2.18600E-06,-13.70251272E-03
-2.18500E-06,-13.70251272E-03
-2.18400E-06,-12.41608057E-03
-2.18300E-06,-11.77286450E-03
-2.18200E-06,-11.77286450E-03
-2.18100E-06,-11.12964842E-03
-2.18000E-06,-10.48643235E-03
-2.17900E-06,-9.84321628E-03
-2.17800E-06,-9.84321628E-03
-2.17700E-06,-9.84321628E-03
-2.17600E-06,-8.59698514E-03
-2.17500E-06,-8.59698514E-03
-2.17400E-06,-7.95376906E-03
-2.17300E-06,-7.27035198E-03
-2.17200E-06,-6.62713591E-03
-2.17100E-06,-7.91356806E-03
-2.17000E-06,-6.62713591E-03
-2.16900E-06,-7.27035198E-03
-2.16800E-06,-5.38090477E-03
-2.16700E-06,-4.73768869E-03
-2.16600E-06,-4.73768869E-03
-2.16500E-06,-4.09447262E-03
-2.16400E-06,-3.45125655E-03
-2.16300E-06,-3.45125655E-03
-2.16200E-06,-2.80804047E-03
-2.16100E-06,-3.41105554E-03
-2.16000E-06,-2.16482440E-03
-2.15900E-06,-2.12462340E-03
-2.15800E-06,-1.52160833E-03
-2.15700E-06,-838.19125E-06
-2.15600E-06,-194.97517E-06
-2.15500E-06,-235.17618E-06
-2.15400E-06,-194.97517E-06
-2.15300E-06,-194.97517E-06
-2.15200E-06,+408.03989E-06
-2.15100E-06,+1.69447204E-03
-2.15000E-06,+2.33768811E-03
-2.14900E-06,+2.98090419E-03
-2.14800E-06,+2.37788912E-03
-2.14700E-06,+2.37788912E-03
-2.14600E-06,+2.37788912E-03
-2.14500E-06,+3.02110519E-03
-2.14400E-06,+3.66432127E-03
-2.14300E-06,+4.26733634E-03
-2.14200E-06,+4.95075341E-03
-2.14100E-06,+4.95075341E-03
-2.14000E-06,+4.95075341E-03
-2.13900E-06,+5.55376848E-03
-2.13800E-06,+5.55376848E-03
-2.13700E-06,+5.59396949E-03
-2.13600E-06,+5.55376848E-03
-2.13500E-06,+6.23718556E-03
-2.13400E-06,+6.84020063E-03
-2.13300E-06,+7.48341670E-03
-2.13200E-06,+7.52361771E-03
-2.13100E-06,+6.88040163E-03
-2.13000E-06,+6.88040163E-03
-2.12900E-06,+6.88040163E-03
-2.12800E-06,+7.52361771E-03
-2.12700E-06,+8.76984885E-03
-2.12600E-06,+8.76984885E-03
-2.12500E-06,+8.81004985E-03
-2.12400E-06,+9.41306492E-03
-2.12300E-06,+9.41306492E-03
-2.12200E-06,+9.45326593E-03
-2.12100E-06,+9.45326593E-03
-2.12000E-06,+10.69949707E-03
-2.11900E-06,+10.73969807E-03
-2.11800E-06,+10.73969807E-03
-2.11700E-06,+11.34271314E-03
-2.11600E-06,+11.34271314E-03
-2.11500E-06,+10.73969807E-03
-2.11400E-06,+10.73969807E-03
-2.11300E-06,+10.09648200E-03
-2.11200E-06,+10.73969807E-03
-2.11100E-06,+11.38291415E-03
-2.11000E-06,+11.98592922E-03
-2.10900E-06,+11.98592922E-03
-2.10800E-06,+11.98592922E-03
-2.10700E-06,+11.38291415E-03
-2.10600E-06,+11.38291415E-03
-2.10500E-06,+10.73969807E-03
-2.10400E-06,+11.34271314E-03
-2.10300E-06,+11.98592922E-03
-2.10200E-06,+11.34271314E-03
-2.10100E-06,+11.98592922E-03
-2.10000E-06,+11.38291415E-03
-2.09900E-06,+10.73969807E-03
-2.09800E-06,+11.34271314E-03
-2.09700E-06,+10.09648200E-03
-2.09600E-06,+10.09648200E-03
-2.09500E-06,+11.34271314E-03
-2.09400E-06,+10.73969807E-03
-2.09300E-06,+10.69949707E-03
-2.09200E-06,+10.73969807E-03
-2.09100E-06,+10.05628100E-03
-2.09000E-06,+9.45326593E-03
-2.08900E-06,+8.81004985E-03
-2.08800E-06,+9.45326593E-03
-2.08700E-06,+9.45326593E-03
-2.08600E-06,+9.41306492E-03
-2.08500E-06,+9.41306492E-03
-2.08400E-06,+8.81004985E-03
-2.08300E-06,+8.12663278E-03
-2.08200E-06,+8.16683378E-03
-2.08100E-06,+6.88040163E-03
-2.08000E-06,+6.88040163E-03
-2.07900E-06,+6.88040163E-03
-2.07800E-06,+6.88040163E-03
-2.07700E-06,+6.23718556E-03
-2.07600E-06,+6.23718556E-03
-2.07500E-06,+5.59396949E-03
-2.07400E-06,+4.95075341E-03
-2.07300E-06,+4.30753734E-03
-2.07200E-06,+4.91055241E-03
-2.07100E-06,+4.30753734E-03
-2.07000E-06,+4.26733634E-03
-2.06900E-06,+3.66432127E-03
-2.06800E-06,+3.66432127E-03
-2.06700E-06,+3.62412026E-03
-2.06600E-06,+2.37788912E-03
-2.06500E-06,+1.09145697E-03
-2.06400E-06,+1.69447204E-03
-2.06300E-06,+1.73467305E-03
-2.06200E-06,+448.24090E-06
-2.06100E-06,+448.24090E-06
-2.06000E-06,+408.03989E-06
-2.05900E-06,-838.19125E-06
-2.05800E-06,-1.48140732E-03
-2.05700E-06,-2.76783947E-03
-2.05600E-06,-2.12462340E-03
-2.05500E-06,-2.76783947E-03
-2.05400E-06,-2.76783947E-03
-2.05300E-06,-2.76783947E-03
-2.05200E-06,-2.80804047E-03
-2.05100E-06,-3.41105554E-03
-2.05000E-06,-4.05427162E-03
-2.04900E-06,-5.34070376E-03
-2.04800E-06,-4.73768869E-03
-2.04700E-06,-4.69748769E-03
-2.04600E-06,-5.34070376E-03
-2.04500E-06,-5.34070376E-03
-2.04400E-06,-5.98391984E-03
-2.04300E-06,-5.98391984E-03
-2.04200E-06,-6.02412084E-03
-2.04100E-06,-6.62713591E-03
-2.04000E-06,-6.66733691E-03
-2.03900E-06,-6.62713591E-03
-2.03800E-06,-7.27035198E-03
-2.03700E-06,-7.27035198E-03
-2.03600E-06,-7.91356806E-03
-2.03500E-06,-8.55678413E-03
-2.03400E-06,-8.55678413E-03
-2.03300E-06,-9.20000020E-03
-2.03200E-06,-9.20000020E-03
-2.03100E-06,-8.59698514E-03
-2.03000E-06,-9.20000020E-03
-2.02900E-06,-9.80301527E-03
-2.02800E-06,-10.44623135E-03
-2.02700E-06,-10.48643235E-03
-2.02600E-06,-10.48643235E-03
-2.02500E-06,-11.08944742E-03
-2.02400E-06,-11.12964842E-03
-2.02300E-06,-11.12964842E-03
-2.02200E-06,-11.12964842E-03
-2.02100E-06,-11.12964842E-03
-2.02000E-06,-11.12964842E-03
-2.01900E-06,-11.77286450E-03
-2.01800E-06,-12.41608057E-03
-2.01700E-06,-13.66231171E-03
-2.01600E-06,-13.05929665E-03
-2.01500E-06,-13.05929665E-03
-2.01400E-06,-13.05929665E-03
-2.01300E-06,-13.05929665E-03
-2.01200E-06,-13.70251272E-03
-2.01100E-06,-13.70251272E-03
-2.01000E-06,-13.70251272E-03
-2.00900E-06,-13.70251272E-03
-2.00800E-06,-14.34572879E-03
-2.00700E-06,-13.70251272E-03
-2.00600E-06,-14.34572879E-03
-2.00500E-06,-14.34572879E-03
-2.00400E-06,-14.94874386E-03
-2.00300E-06,-14.98894487E-03
-2.00200E-06,-14.98894487E-03
-2.00100E-06,-16.27537701E-03
-2.00000E-06,-16.27537701E-03
-1.99900E-06,-16.27537701E-03
-1.99800E-06,-16.27537701E-03
-1.99700E-06,-16.27537701E-03
-1.99600E-06,-16.27537701E-03
-1.99500E-06,-16.91859309E-03
-1.99400E-06,-16.91859309E-03
-1.99300E-06,-18.80804030E-03
-1.99200E-06,-18.20502523E-03
-1.99100E-06,-18.20502523E-03
-1.99000E-06,-18.20502523E-03
-1.98900E-06,-18.84824131E-03
-1.98800E-06,-18.84824131E-03
-1.98700E-06,-18.80804030E-03
-1.98600E-06,-18.80804030E-03
-1.98500E-06,-18.20502523E-03
-1.98400E-06,-18.20502523E-03
-1.98300E-06,-17.56180916E-03
-1.98200E-06,-18.20502523E-03
-1.98100E-06,-18.20502523E-03
-1.98000E-06,-18.80804030E-03
-1.97900E-06,-18.80804030E-03
-1.97800E-06,-18.80804030E-03
-1.97700E-06,-18.20502523E-03
-1.97600E-06,-16.91859309E-03
-1.97500E-06,-16.91859309E-03
-1.97400E-06,-16.91859309E-03
-1.97300E-06,-16.91859309E-03
-1.97200E-06,-16.27537701E-03
-1.97100E-06,-16.27537701E-03
-1.97000E-06,-16.27537701E-03
-1.96900E-06,-16.27537701E-03
-1.96800E-06,-15.63216094E-03
-1.96700E-06,-14.34572879E-03
-1.96600E-06,-14.34572879E-03
-1.96500E-06,-14.34572879E-03
-1.96400E-06,-13.70251272E-03
-1.96300E-06,-13.70251272E-03
-1.96200E-06,-13.05929665E-03
-1.96100E-06,-13.05929665E-03
-1.96000E-06,-12.41608057E-03
-1.95900E-06,-11.12964842E-03
-1.95800E-06,-11.77286450E-03
-1.95700E-06,-10.48643235E-03
-1.95600E-06,-10.48643235E-03
-1.95500E-06,-10.48643235E-03
-1.95400E-06,-9.20000020E-03
-1.95300E-06,-9.80301527E-03
-1.95200E-06,-9.20000020E-03
-1.95100E-06,-8.59698514E-03
-1.95000E-06,-7.31055299E-03
-1.94900E-06,-7.27035198E-03
-1.94800E-06,-6.62713591E-03
-1.94700E-06,-5.98391984E-03
-1.94600E-06,-5.38090477E-03
-1.94500E-06,-5.34070376E-03
-1.94400E-06,-4.73768869E-03
-1.94300E-06,-4.09447262E-03
-1.94200E-06,-3.45125655E-03
-1.94100E-06,-3.41105554E-03
-1.94000E-06,-2.16482440E-03
-1.93900E-06,-2.16482440E-03
-1.93800E-06,-878.39225E-06
-1.93700E-06,-2.12462340E-03
-1.93600E-06,-878.39225E-06
-1.93500E-06,+408.03989E-06
-1.93400E-06,+1.05125597E-03
-1.93300E-06,+448.24090E-06
-1.93200E-06,+1.09145697E-03
-1.93100E-06,+1.69447204E-03
-1.93000E-06,+1.69447204E-03
-1.92900E-06,+1.09145697E-03
-1.92800E-06,+2.98090419E-03
-1.92700E-06,+3.02110519E-03
-1.92600E-06,+4.26733634E-03
-1.92500E-06,+4.30753734E-03
-1.92400E-06,+4.95075341E-03
-1.92300E-06,+5.55376848E-03
-1.92200E-06,+5.55376848E-03
-1.92100E-06,+5.59396949E-03
-1.92000E-06,+6.84020063E-03
-1.91900E-06,+6.88040163E-03
-1.91800E-06,+7.48341670E-03
-1.91700E-06,+7.48341670E-03
-1.91600E-06,+7.52361771E-03
-1.91500E-06,+8.12663278E-03
-1.91400E-06,+7.52361771E-03
-1.91300E-06,+8.16683378E-03
-1.91200E-06,+9.45326593E-03
-1.91100E-06,+10.09648200E-03
-1.91000E-06,+10.05628100E-03
-1.90900E-06,+10.69949707E-03
-1.90800E-06,+10.09648200E-03
-1.90700E-06,+10.09648200E-03
-1.90600E-06,+10.73969807E-03
-1.90500E-06,+10.73969807E-03
-1.90400E-06,+11.98592922E-03
-1.90300E-06,+12.02613022E-03
-1.90200E-06,+12.62914529E-03
-1.90100E-06,+13.27236136E-03
-1.90000E-06,+13.31256237E-03
-1.89900E-06,+13.31256237E-03
-1.89800E-06,+13.31256237E-03
-1.89700E-06,+13.31256237E-03
-1.89600E-06,+14.55879351E-03
-1.89500E-06,+14.59899452E-03
-1.89400E-06,+15.20200958E-03
-1.89300E-06,+15.24221059E-03
-1.89200E-06,+15.24221059E-03
-1.89100E-06,+15.88542666E-03
-1.89000E-06,+15.88542666E-03
-1.88900E-06,+15.88542666E-03
-1.88800E-06,+16.48844173E-03
-1.88700E-06,+17.13165781E-03
-1.88600E-06,+17.17185881E-03
-1.88500E-06,+17.81507488E-03
-1.88400E-06,+17.77487388E-03
-1.88300E-06,+17.81507488E-03
-1.88200E-06,+17.81507488E-03
-1.88100E-06,+17.17185881E-03
-1.88000E-06,+18.41808995E-03
-1.87900E-06,+18.45829096E-03
-1.87800E-06,+19.06130603E-03
-1.87700E-06,+19.10150703E-03
-1.87600E-06,+19.10150703E-03
-1.87500E-06,+19.10150703E-03
-1.87400E-06,+19.70452210E-03
-1.87300E-06,+18.45829096E-03
-1.87200E-06,+19.10150703E-03
-1.87100E-06,+19.70452210E-03
-1.87000E-06,+19.70452210E-03
-1.86900E-06,+19.74472310E-03
-1.86800E-06,+18.45829096E-03
-1.86700E-06,+19.10150703E-03
-1.86600E-06,+19.10150703E-03
-1.86500E-06,+19.10150703E-03
-1.86400E-06,+19.10150703E-03
-1.86300E-06,+19.70452210E-03
-1.86200E-06,+19.70452210E-03
-1.86100E-06,+19.70452210E-03
-1.86000E-06,+19.10150703E-03
-1.85900E-06,+19.10150703E-03
-1.85800E-06,+19.06130603E-03
-1.85700E-06,+18.45829096E-03
-1.85600E-06,+18.45829096E-03
-1.85500E-06,+18.45829096E-03
-1.85400E-06,+19.06130603E-03
-1.85300E-06,+18.45829096E-03
-1.85200E-06,+17.81507488E-03
-1.85100E-06,+17.17185881E-03
-1.85000E-06,+17.17185881E-03
-1.84900E-06,+16.52864274E-03
-1.84800E-06,+17.13165781E-03
-1.84700E-06,+17.13165781E-03
-1.84600E-06,+16.52864274E-03
-1.84500E-06,+17.13165781E-03
-1.84400E-06,+17.17185881E-03
-1.84300E-06,+16.48844173E-03
-1.84200E-06,+15.24221059E-03
-1.84100E-06,+13.95577844E-03
-1.84000E-06,+14.55879351E-03
-1.83900E-06,+14.55879351E-03
-1.83800E-06,+13.91557744E-03
-1.83700E-06,+13.91557744E-03
-1.83600E-06,+13.31256237E-03
-1.83500E-06,+13.31256237E-03
-1.83400E-06,+12.66934630E-03
-1.83300E-06,+12.02613022E-03
-1.83200E-06,+12.02613022E-03
-1.83100E-06,+11.38291415E-03
-1.83000E-06,+11.38291415E-03
-1.82900E-06,+10.73969807E-03
-1.82800E-06,+10.09648200E-03
-1.82700E-06,+8.81004985E-03
-1.82600E-06,+9.45326593E-03
-1.82500E-06,+7.52361771E-03
-1.82400E-06,+8.16683378E-03
-1.82300E-06,+8.16683378E-03
-1.82200E-06,+8.12663278E-03
-1.82100E-06,+7.52361771E-03
-1.82000E-06,+6.88040163E-03
-1.81900E-06,+6.23718556E-03
-1.81800E-06,+5.59396949E-03
-1.81700E-06,+4.95075341E-03
-1.81600E-06,+4.95075341E-03
-1.81500E-06,+4.95075341E-03
-1.81400E-06,+4.91055241E-03
-1.81300E-06,+4.30753734E-03
-1.81200E-06,+3.02110519E-03
-1.81100E-06,+2.37788912E-03
-1.81000E-06,+2.37788912E-03
-1.80900E-06,+1.73467305E-03
-1.80800E-06,+2.33768811E-03
-1.80700E-06,+2.33768811E-03
-1.80600E-06,+1.09145697E-03
-1.80500E-06,+1.09145697E-03
-1.80400E-06,+448.24090E-06
-1.80300E-06,-194.97517E-06
-1.80200E-06,+408.03989E-06
-1.80100E-06,-838.19125E-06
-1.80000E-06,-838.19125E-06
-1.79900E-06,-838.19125E-06
-1.79800E-06,-1.48140732E-03
-1.79700E-06,-1.48140732E-03
-1.79600E-06,-2.12462340E-03
-1.79500E-06,-2.12462340E-03
-1.79400E-06,-3.41105554E-03
-1.79300E-06,-4.05427162E-03
-1.79200E-06,-3.45125655E-03
-1.79100E-06,-3.45125655E-03
-1.79000E-06,-3.41105554E-03
-1.78900E-06,-4.05427162E-03
-1.78800E-06,-4.05427162E-03
-1.78700E-06,-4.73768869E-03
-1.78600E-06,-5.34070376E-03
-1.78500E-06,-6.62713591E-03
-1.78400E-06,-5.98391984E-03
-1.78300E-06,-5.38090477E-03
-1.78200E-06,-5.98391984E-03
-1.78100E-06,-6.62713591E-03
-1.78000E-06,-6.62713591E-03
-1.77900E-06,-6.62713591E-03
-1.77800E-06,-7.91356806E-03
-1.77700E-06,-7.91356806E-03
-1.77600E-06,-7.91356806E-03
-1.77500E-06,-7.91356806E-03
-1.77400E-06,-7.91356806E-03
-1.77300E-06,-8.55678413E-03
-1.77200E-06,-7.91356806E-03
-1.77100E-06,-8.55678413E-03
-1.77000E-06,-9.20000020E-03
-1.76900E-06,-9.80301527E-03
-1.76800E-06,-9.20000020E-03
-1.76700E-06,-9.84321628E-03
-1.76600E-06,-10.48643235E-03
-1.76500E-06,-10.44623135E-03
-1.76400E-06,-10.48643235E-03
-1.76300E-06,-11.12964842E-03
-1.76200E-06,-11.73266349E-03
-1.76100E-06,-11.77286450E-03
-1.76000E-06,-11.12964842E-03
-1.75900E-06,-11.12964842E-03
-1.75800E-06,-11.77286450E-03
-1.75700E-06,-11.77286450E-03
-1.75600E-06,-13.01909564E-03
-1.75500E-06,-13.05929665E-03
-1.75400E-06,-13.66231171E-03
-1.75300E-06,-14.30552779E-03
-1.75200E-06,-13.70251272E-03
-1.75100E-06,-13.70251272E-03
-1.75000E-06,-14.30552779E-03
-1.74900E-06,-13.70251272E-03
-1.74800E-06,-14.34572879E-03
-1.74700E-06,-14.34572879E-03
-1.74600E-06,-14.34572879E-03
-1.74500E-06,-14.94874386E-03
-1.74400E-06,-14.34572879E-03
-1.74300E-06,-14.34572879E-03
-1.74200E-06,-14.34572879E-03
-1.74100E-06,-14.34572879E-03
-1.74000E-06,-14.34572879E-03
-1.73900E-06,-14.34572879E-03
-1.73800E-06,-14.34572879E-03
-1.73700E-06,-14.94874386E-03
-1.73600E-06,-14.94874386E-03
-1.73500E-06,-13.70251272E-03
-1.73400E-06,-12.41608057E-03
-1.73300E-06,-13.05929665E-03
-1.73200E-06,-13.05929665E-03
-1.73100E-06,-12.41608057E-03
-1.73000E-06,-13.05929665E-03
-1.72900E-06,-13.66231171E-03
-1.72800E-06,-12.41608057E-03
-1.72700E-06,-11.77286450E-03
-1.72600E-06,-11.77286450E-03
-1.72500E-06,-11.12964842E-03
-1.72400E-06,-11.12964842E-03
-1.72300E-06,-10.48643235E-03
-1.72200E-06,-9.84321628E-03
-1.72100E-06,-11.08944742E-03
-1.72000E-06,-9.20000020E-03
-1.71900E-06,-8.59698514E-03
-1.71800E-06,-8.55678413E-03
-1.71700E-06,-8.55678413E-03
-1.71600E-06,-7.91356806E-03
-1.71500E-06,-7.95376906E-03
-1.71400E-06,-7.91356806E-03
-1.71300E-06,-7.91356806E-03
-1.71200E-06,-7.27035198E-03
-1.71100E-06,-6.02412084E-03
-1.71000E-06,-5.34070376E-03
-1.70900E-06,-5.34070376E-03
-1.70800E-06,-4.69748769E-03
-1.70700E-06,-4.09447262E-03
-1.70600E-06,-3.45125655E-03
-1.70500E-06,-4.05427162E-03
-1.70400E-06,-3.41105554E-03
-1.70300E-06,-2.16482440E-03
-1.70200E-06,-878.39225E-06
-1.70100E-06,-838.19125E-06
-1.70000E-06,+408.03989E-06
-1.69900E-06,-194.97517E-06
-1.69800E-06,-194.97517E-06
-1.69700E-06,-194.97517E-06
-1.69600E-06,+448.24090E-06
-1.69500E-06,+1.73467305E-03
-1.69400E-06,+1.73467305E-03
-1.69300E-06,+2.98090419E-03
-1.69200E-06,+2.98090419E-03
-1.69100E-06,+3.62412026E-03
-1.69000E-06,+3.02110519E-03
-1.68900E-06,+3.02110519E-03
-1.68800E-06,+4.30753734E-03
-1.68700E-06,+4.95075341E-03
-1.68600E-06,+5.55376848E-03
-1.68500E-06,+5.55376848E-03
-1.68400E-06,+6.19698456E-03
-1.68300E-06,+6.23718556E-03
-1.68200E-06,+6.23718556E-03
-1.68100E-06,+6.23718556E-03
-1.68000E-06,+7.48341670E-03
-1.67900E-06,+7.52361771E-03
-1.67800E-06,+8.76984885E-03
-1.67700E-06,+9.41306492E-03
-1.67600E-06,+9.41306492E-03
-1.67500E-06,+9.41306492E-03
-1.67400E-06,+9.41306492E-03
-1.67300E-06,+9.41306492E-03
-1.67200E-06,+9.45326593E-03
-1.67100E-06,+10.69949707E-03
-1.67000E-06,+10.69949707E-03
-1.66900E-06,+11.38291415E-03
-1.66800E-06,+11.38291415E-03
-1.66700E-06,+11.38291415E-03
-1.66600E-06,+11.38291415E-03
-1.66500E-06,+11.38291415E-03
-1.66400E-06,+12.62914529E-03
-1.66300E-06,+12.66934630E-03
-1.66200E-06,+13.27236136E-03
-1.66100E-06,+13.91557744E-03
-1.66000E-06,+13.91557744E-03
-1.65900E-06,+13.91557744E-03
-1.65800E-06,+13.95577844E-03
-1.65700E-06,+13.95577844E-03
-1.65600E-06,+14.59899452E-03
-1.65500E-06,+14.59899452E-03
-1.65400E-06,+15.24221059E-03
-1.65300E-06,+15.88542666E-03
-1.65200E-06,+15.88542666E-03
-1.65100E-06,+15.84522566E-03
-1.65000E-06,+16.48844173E-03
-1.64900E-06,+15.88542666E-03
-1.64800E-06,+15.88542666E-03
-1.64700E-06,+16.52864274E-03
-1.64600E-06,+17.13165781E-03
-1.64500E-06,+17.77487388E-03
-1.64400E-06,+17.81507488E-03
-1.64300E-06,+17.81507488E-03
-1.64200E-06,+17.81507488E-03
-1.64100E-06,+17.81507488E-03
-1.64000E-06,+18.41808995E-03
-1.63900E-06,+18.45829096E-03
-1.63800E-06,+19.06130603E-03
-1.63700E-06,+19.10150703E-03
-1.63600E-06,+19.10150703E-03
-1.63500E-06,+19.06130603E-03
-1.63400E-06,+19.10150703E-03
-1.63300E-06,+18.45829096E-03
-1.63200E-06,+19.10150703E-03
-1.63100E-06,+19.10150703E-03
-1.63000E-06,+19.70452210E-03
-1.62900E-06,+19.70452210E-03
-1.62800E-06,+19.10150703E-03
-1.62700E-06,+19.06130603E-03
-1.62600E-06,+19.06130603E-03
-1.62500E-06,+18.45829096E-03
-1.62400E-06,+18.45829096E-03
-1.62300E-06,+19.06130603E-03
-1.62200E-06,+19.70452210E-03
-1.62100E-06,+19.10150703E-03
-1.62000E-06,+19.10150703E-03
-1.61900E-06,+19.06130603E-03
-1.61800E-06,+18.45829096E-03
-1.61700E-06,+17.17185881E-03
-1.61600E-06,+17.81507488E-03
-1.61500E-06,+17.81507488E-03
-1.61400E-06,+17.77487388E-03
-1.61300E-06,+17.81507488E-03
-1.61200E-06,+17.77487388E-03
-1.61100E-06,+17.17185881E-03
-1.61000E-06,+16.52864274E-03
-1.60900E-06,+15.88542666E-03
-1.60800E-06,+15.88542666E-03
-1.60700E-06,+15.84522566E-03
-1.60600E-06,+16.48844173E-03
-1.60500E-06,+15.24221059E-03
-1.60400E-06,+14.59899452E-03
-1.60300E-06,+14.59899452E-03
-1.60200E-06,+14.59899452E-03
-1.60100E-06,+13.95577844E-03
-1.60000E-06,+13.95577844E-03
-1.59900E-06,+13.95577844E-03
-1.59800E-06,+13.31256237E-03
-1.59700E-06,+13.31256237E-03
-1.59600E-06,+13.31256237E-03
-1.59500E-06,+12.62914529E-03
-1.59400E-06,+12.02613022E-03
-1.59300E-06,+11.38291415E-03
-1.59200E-06,+11.34271314E-03
-1.59100E-06,+11.38291415E-03
-1.59000E-06,+10.73969807E-03
-1.58900E-06,+10.09648200E-03
-1.58800E-06,+9.45326593E-03
-1.58700E-06,+8.81004985E-03
-1.58600E-06,+8.16683378E-03
-1.58500E-06,+6.88040163E-03
-1.58400E-06,+6.23718556E-03
-1.58300E-06,+6.88040163E-03
-1.58200E-06,+6.84020063E-03
-1.58100E-06,+6.23718556E-03
-1.58000E-06,+5.59396949E-03
-1.57900E-06,+4.95075341E-03
-1.57800E-06,+4.30753734E-03
-1.57700E-06,+3.02110519E-03
-1.57600E-06,+3.02110519E-03
-1.57500E-06,+3.02110519E-03
-1.57400E-06,+2.98090419E-03
-1.57300E-06,+3.02110519E-03
-1.57200E-06,+2.37788912E-03
-1.57100E-06,+1.69447204E-03
-1.57000E-06,+1.09145697E-03
-1.56900E-06,+448.24090E-06
-1.56800E-06,+448.24090E-06
-1.56700E-06,+408.03989E-06
-1.56600E-06,-235.17618E-06
-1.56500E-06,-838.19125E-06
-1.56400E-06,-194.97517E-06
-1.56300E-06,-1.48140732E-03
-1.56200E-06,-2.12462340E-03
-1.56100E-06,-2.76783947E-03
-1.56000E-06,-2.76783947E-03
-1.55900E-06,-2.76783947E-03
-1.55800E-06,-2.76783947E-03
-1.55700E-06,-2.76783947E-03
-1.55600E-06,-3.45125655E-03
-1.55500E-06,-4.05427162E-03
-1.55400E-06,-4.69748769E-03
-1.55300E-06,-4.69748769E-03
-1.55200E-06,-4.73768869E-03
-1.55100E-06,-4.69748769E-03
-1.55000E-06,-5.34070376E-03
-1.54900E-06,-5.98391984E-03
-1.54800E-06,-5.98391984E-03
-1.54700E-06,-6.02412084E-03
-1.54600E-06,-6.66733691E-03
-1.54500E-06,-8.55678413E-03
-1.54400E-06,-6.66733691E-03
-1.54300E-06,-7.27035198E-03
-1.54200E-06,-7.91356806E-03
-1.54100E-06,-7.91356806E-03
-1.54000E-06,-8.55678413E-03
-1.53900E-06,-8.55678413E-03
-1.53800E-06,-9.20000020E-03
-1.53700E-06,-9.80301527E-03
-1.53600E-06,-9.84321628E-03
-1.53500E-06,-9.84321628E-03
-1.53400E-06,-9.84321628E-03
-1.53300E-06,-9.84321628E-03
-1.53200E-06,-10.48643235E-03
-1.53100E-06,-10.48643235E-03
-1.53000E-06,-11.73266349E-03
-1.52900E-06,-12.37587957E-03
-1.52800E-06,-12.41608057E-03
-1.52700E-06,-11.77286450E-03
-1.52600E-06,-11.77286450E-03
-1.52500E-06,-12.41608057E-03
-1.52400E-06,-12.41608057E-03
-1.52300E-06,-13.05929665E-03
-1.52200E-06,-13.05929665E-03
-1.52100E-06,-14.30552779E-03
-1.52000E-06,-13.70251272E-03
-1.51900E-06,-14.30552779E-03
-1.51800E-06,-13.70251272E-03
-1.51700E-06,-14.34572879E-03
-1.51600E-06,-14.98894487E-03
-1.51500E-06,-14.98894487E-03
-1.51400E-06,-15.63216094E-03
-1.51300E-06,-16.27537701E-03
-1.51200E-06,-15.63216094E-03
-1.51100E-06,-15.63216094E-03
-1.51000E-06,-16.27537701E-03
-1.50900E-06,-15.63216094E-03
-1.50800E-06,-16.27537701E-03
-1.50700E-06,-16.27537701E-03
-1.50600E-06,-17.52160816E-03
-1.50500E-06,-17.56180916E-03
-1.50400E-06,-16.91859309E-03
-1.50300E-06,-16.91859309E-03
-1.50200E-06,-16.91859309E-03
-1.50100E-06,-16.27537701E-03
-1.50000E-06,-16.87839208E-03
-1.49900E-06,-16.91859309E-03
-1.49800E-06,-16.91859309E-03
-1.49700E-06,-17.52160816E-03
-1.49600E-06,-16.91859309E-03
-1.49500E-06,-16.27537701E-03
-1.49400E-06,-16.27537701E-03
-1.49300E-06,-16.27537701E-03
-1.49200E-06,-15.63216094E-03
-1.49100E-06,-15.63216094E-03
-1.49000E-06,-15.63216094E-03
-1.48900E-06,-16.23517601E-03
-1.48800E-06,-15.63216094E-03
-1.48700E-06,-14.98894487E-03
-1.48600E-06,-14.34572879E-03
-1.48500E-06,-14.34572879E-03
-1.48400E-06,-13.70251272E-03
-1.48300E-06,-13.70251272E-03
-1.48200E-06,-13.70251272E-03
-1.48100E-06,-13.66231171E-03
-1.48000E-06,-13.05929665E-03
-1.47900E-06,-12.41608057E-03
-1.47800E-06,-11.77286450E-03
-1.47700E-06,-11.77286450E-03
-1.47600E-06,-11.12964842E-03
-1.47500E-06,-9.84321628E-03
-1.47400E-06,-10.48643235E-03
-1.47300E-06,-11.08944742E-03
-1.47200E-06,-9.84321628E-03
-1.47100E-06,-9.20000020E-03
-1.47000E-06,-8.59698514E-03
-1.46900E-06,-8.55678413E-03
-1.46800E-06,-7.31055299E-03
-1.46700E-06,-7.91356806E-03
-1.46600E-06,-7.27035198E-03
-1.46500E-06,-7.27035198E-03
-1.46400E-06,-6.02412084E-03
-1.46300E-06,-5.38090477E-03
-1.46200E-06,-4.73768869E-03
-1.46100E-06,-4.69748769E-03
-1.46000E-06,-4.05427162E-03
-1.45900E-06,-3.45125655E-03
-1.45800E-06,-3.41105554E-03
-1.45700E-06,-4.05427162E-03
-1.45600E-06,-2.80804047E-03
-1.45500E-06,-2.16482440E-03
-1.45400E-06,-878.39225E-06
-1.45300E-06,-878.39225E-06
-1.45200E-06,-838.19125E-06
-1.45100E-06,-235.17618E-06
-1.45000E-06,-194.97517E-06
-1.44900E-06,-194.97517E-06
-1.44800E-06,+448.24090E-06
-1.44700E-06,+1.69447204E-03
-1.44600E-06,+1.69447204E-03
-1.44500E-06,+1.73467305E-03
-1.44400E-06,+2.37788912E-03
-1.44300E-06,+2.37788912E-03
-1.44200E-06,+3.02110519E-03
-1.44100E-06,+3.02110519E-03
-1.44000E-06,+4.26733634E-03
-1.43900E-06,+4.30753734E-03
-1.43800E-06,+4.91055241E-03
-1.43700E-06,+4.30753734E-03
-1.43600E-06,+4.95075341E-03
-1.43500E-06,+5.55376848E-03
-1.43400E-06,+5.59396949E-03
-1.43300E-06,+4.95075341E-03
-1.43200E-06,+5.59396949E-03
-1.43100E-06,+6.84020063E-03
-1.43000E-06,+6.84020063E-03
-1.42900E-06,+7.48341670E-03
-1.42800E-06,+7.52361771E-03
-1.42700E-06,+7.52361771E-03
-1.42600E-06,+7.52361771E-03
-1.42500E-06,+7.52361771E-03
-1.42400E-06,+8.16683378E-03
-1.42300E-06,+8.81004985E-03
-1.42200E-06,+9.41306492E-03
-1.42100E-06,+9.41306492E-03
-1.42000E-06,+9.41306492E-03
-1.41900E-06,+10.05628100E-03
-1.41800E-06,+10.09648200E-03
-1.41700E-06,+9.45326593E-03
-1.41600E-06,+10.69949707E-03
-1.41500E-06,+10.69949707E-03
-1.41400E-06,+10.73969807E-03
-1.41300E-06,+11.38291415E-03
-1.41200E-06,+11.38291415E-03
-1.41100E-06,+11.38291415E-03
-1.41000E-06,+11.38291415E-03
-1.40900E-06,+11.38291415E-03
-1.40800E-06,+11.38291415E-03
-1.40700E-06,+12.02613022E-03
-1.40600E-06,+12.62914529E-03
-1.40500E-06,+12.66934630E-03
-1.40400E-06,+13.27236136E-03
-1.40300E-06,+13.27236136E-03
-1.40200E-06,+13.31256237E-03
-1.40100E-06,+12.66934630E-03
-1.40000E-06,+13.95577844E-03
-1.39900E-06,+13.95577844E-03
-1.39800E-06,+14.55879351E-03
-1.39700E-06,+14.59899452E-03
-1.39600E-06,+15.20200958E-03
-1.39500E-06,+14.55879351E-03
-1.39400E-06,+13.95577844E-03
-1.39300E-06,+13.95577844E-03
-1.39200E-06,+14.59899452E-03
-1.39100E-06,+14.59899452E-03
-1.39000E-06,+14.59899452E-03
-1.38900E-06,+14.59899452E-03
-1.38800E-06,+14.59899452E-03
-1.38700E-06,+14.55879351E-03
-1.38600E-06,+15.20200958E-03
-1.38500E-06,+13.95577844E-03
-1.38400E-06,+13.31256237E-03
-1.38300E-06,+14.55879351E-03
-1.38200E-06,+14.55879351E-03
-1.38100E-06,+13.95577844E-03
-1.38000E-06,+14.59899452E-03
-1.37900E-06,+13.91557744E-03
-1.37800E-06,+13.31256237E-03
-1.37700E-06,+13.31256237E-03
-1.37600E-06,+13.31256237E-03
-1.37500E-06,+12.66934630E-03
-1.37400E-06,+13.27236136E-03
-1.37300E-06,+13.31256237E-03
-1.37200E-06,+13.27236136E-03
-1.37100E-06,+12.02613022E-03
-1.37000E-06,+12.02613022E-03
-1.36900E-06,+10.73969807E-03
-1.36800E-06,+10.73969807E-03
-1.36700E-06,+11.38291415E-03
-1.36600E-06,+11.98592922E-03
-1.36500E-06,+10.73969807E-03
-1.36400E-06,+10.73969807E-03
-1.36300E-06,+10.73969807E-03
-1.36200E-06,+10.09648200E-03
-1.36100E-06,+8.16683378E-03
-1.36000E-06,+8.81004985E-03
-1.35900E-06,+8.81004985E-03
-1.35800E-06,+8.81004985E-03
-1.35700E-06,+8.16683378E-03
-1.35600E-06,+8.16683378E-03
-1.35500E-06,+6.88040163E-03
-1.35400E-06,+6.23718556E-03
-1.35300E-06,+5.59396949E-03
-1.35200E-06,+5.59396949E-03
-1.35100E-06,+5.59396949E-03
-1.35000E-06,+5.59396949E-03
-1.34900E-06,+5.55376848E-03
-1.34800E-06,+4.95075341E-03
-1.34700E-06,+3.66432127E-03
-1.34600E-06,+3.02110519E-03
-1.34500E-06,+2.37788912E-03
-1.34400E-06,+2.37788912E-03
-1.34300E-06,+1.73467305E-03
-1.34200E-06,+1.73467305E-03
-1.34100E-06,+1.09145697E-03
-1.34000E-06,+448.24090E-06
-1.33900E-06,-194.97517E-06
-1.33800E-06,-235.17618E-06
-1.33700E-06,-838.19125E-06
-1.33600E-06,-2.12462340E-03
-1.33500E-06,-2.12462340E-03
-1.33400E-06,-2.76783947E-03
-1.33300E-06,-2.76783947E-03
-1.33200E-06,-3.41105554E-03
-1.33100E-06,-4.05427162E-03
-1.33000E-06,-4.69748769E-03
-1.32900E-06,-5.34070376E-03
-1.32800E-06,-5.34070376E-03
-1.32700E-06,-5.34070376E-03
-1.32600E-06,-5.98391984E-03
-1.32500E-06,-5.98391984E-03
-1.32400E-06,-6.02412084E-03
-1.32300E-06,-6.66733691E-03
-1.32200E-06,-7.27035198E-03
-1.32100E-06,-8.55678413E-03
-1.32000E-06,-8.55678413E-03
-1.31900E-06,-7.95376906E-03
-1.31800E-06,-7.95376906E-03
-1.31700E-06,-8.55678413E-03
-1.31600E-06,-8.59698514E-03
-1.31500E-06,-9.20000020E-03
-1.31400E-06,-9.20000020E-03
-1.31300E-06,-10.44623135E-03
-1.31200E-06,-10.48643235E-03
-1.31100E-06,-10.48643235E-03
-1.31000E-06,-11.12964842E-03
-1.30900E-06,-11.12964842E-03
-1.30800E-06,-11.12964842E-03
-1.30700E-06,-12.37587957E-03
-1.30600E-06,-13.01909564E-03
-1.30500E-06,-13.66231171E-03
-1.30400E-06,-13.70251272E-03
-1.30300E-06,-13.70251272E-03
-1.30200E-06,-13.70251272E-03
-1.30100E-06,-13.70251272E-03
-1.30000E-06,-14.30552779E-03
-1.29900E-06,-14.98894487E-03
-1.29800E-06,-15.59195993E-03
-1.29700E-06,-16.23517601E-03
-1.29600E-06,-16.27537701E-03
-1.29500E-06,-15.63216094E-03
-1.29400E-06,-16.27537701E-03
-1.29300E-06,-16.27537701E-03
-1.29200E-06,-16.91859309E-03
-1.29100E-06,-17.52160816E-03
-1.29000E-06,-16.91859309E-03
-1.28900E-06,-18.16482423E-03
-1.28800E-06,-18.16482423E-03
-1.28700E-06,-17.56180916E-03
-1.28600E-06,-17.56180916E-03
-1.28500E-06,-18.20502523E-03
-1.28400E-06,-18.80804030E-03
-1.28300E-06,-19.49145738E-03
-1.28200E-06,-19.49145738E-03
-1.28100E-06,-20.13467345E-03
-1.28000E-06,-20.13467345E-03
-1.27900E-06,-19.49145738E-03
-1.27800E-06,-20.13467345E-03
-1.27700E-06,-20.77788953E-03
-1.27600E-06,-20.77788953E-03
-1.27500E-06,-21.42110560E-03
-1.27400E-06,-22.02412067E-03
-1.27300E-06,-22.66733674E-03
-1.27200E-06,-22.06432167E-03
-1.27100E-06,-22.06432167E-03
-1.27000E-06,-22.70753775E-03
-1.26900E-06,-22.70753775E-03
-1.26800E-06,-23.31055282E-03
-1.26700E-06,-23.35075382E-03
-1.26600E-06,-23.99396989E-03
-1.26500E-06,-23.95376889E-03
-1.26400E-06,-23.99396989E-03
-1.26300E-06,-23.35075382E-03
-1.26200E-06,-23.99396989E-03
-1.26100E-06,-23.35075382E-03
-1.26000E-06,-23.35075382E-03
-1.25900E-06,-23.99396989E-03
-1.25800E-06,-23.99396989E-03
-1.25700E-06,-24.63718597E-03
-1.25600E-06,-23.99396989E-03
-1.25500E-06,-22.70753775E-03
-1.25400E-06,-22.70753775E-03
-1.25300E-06,-22.70753775E-03
-1.25200E-06,-22.70753775E-03
-1.25100E-06,-22.70753775E-03
-1.25000E-06,-22.70753775E-03
-1.24900E-06,-23.31055282E-03
-1.24800E-06,-22.06432167E-03
-1.24700E-06,-21.42110560E-03
-1.24600E-06,-21.42110560E-03
-1.24500E-06,-20.77788953E-03
-1.24400E-06,-21.38090460E-03
-1.24300E-06,-21.42110560E-03
-1.24200E-06,-20.77788953E-03
-1.24100E-06,-21.38090460E-03
-1.24000E-06,-19.49145738E-03
-1.23900E-06,-19.49145738E-03
-1.23800E-06,-19.49145738E-03
-1.23700E-06,-18.84824131E-03
-1.23600E-06,-18.20502523E-03
-1.23500E-06,-18.80804030E-03
-1.23400E-06,-18.20502523E-03
-1.23300E-06,-17.56180916E-03
-1.23200E-06,-16.91859309E-03
-1.23100E-06,-15.63216094E-03
-1.23000E-06,-16.27537701E-03
-1.22900E-06,-14.98894487E-03
-1.22800E-06,-14.98894487E-03
-1.22700E-06,-14.98894487E-03
-1.22600E-06,-14.34572879E-03
-1.22500E-06,-14.30552779E-03
-1.22400E-06,-13.70251272E-03
-1.22300E-06,-11.77286450E-03
-1.22200E-06,-11.77286450E-03
-1.22100E-06,-11.12964842E-03
-1.22000E-06,-11.12964842E-03
-1.21900E-06,-9.84321628E-03
-1.21800E-06,-10.44623135E-03
-1.21700E-06,-11.08944742E-03
-1.21600E-06,-9.84321628E-03
-1.21500E-06,-9.20000020E-03
-1.21400E-06,-8.55678413E-03
-1.21300E-06,-7.95376906E-03
-1.21200E-06,-7.27035198E-03
-1.21100E-06,-7.27035198E-03
-1.21000E-06,-7.27035198E-03
-1.20900E-06,-7.91356806E-03
-1.20800E-06,-6.62713591E-03
-1.20700E-06,-5.38090477E-03
-1.20600E-06,-5.38090477E-03
-1.20500E-06,-5.38090477E-03
-1.20400E-06,-4.69748769E-03
-1.20300E-06,-4.73768869E-03
-1.20200E-06,-4.05427162E-03
-1.20100E-06,-4.05427162E-03
-1.20000E-06,-3.45125655E-03
-1.19900E-06,-3.41105554E-03
-1.19800E-06,-2.80804047E-03
-1.19700E-06,-2.76783947E-03
-1.19600E-06,-2.16482440E-03
-1.19500E-06,-2.16482440E-03
-1.19400E-06,-2.12462340E-03
-1.19300E-06,-2.12462340E-03
-1.19200E-06,-1.48140732E-03
-1.19100E-06,-235.17618E-06
-1.19000E-06,-235.17618E-06
-1.18900E-06,+408.03989E-06
-1.18800E-06,+448.24090E-06
-1.18700E-06,+448.24090E-06
-1.18600E-06,+1.05125597E-03
-1.18500E-06,+448.24090E-06
-1.18400E-06,+1.09145697E-03
-1.18300E-06,+2.33768811E-03
-1.18200E-06,+2.33768811E-03
-1.18100E-06,+2.98090419E-03
-1.18000E-06,+2.37788912E-03
-1.17900E-06,+2.37788912E-03
-1.17800E-06,+2.98090419E-03
-1.17700E-06,+3.02110519E-03
-1.17600E-06,+3.66432127E-03
-1.17500E-06,+4.26733634E-03
-1.17400E-06,+4.30753734E-03
-1.17300E-06,+4.30753734E-03
-1.17200E-06,+4.30753734E-03
-1.17100E-06,+4.26733634E-03
-1.17000E-06,+4.30753734E-03
-1.16900E-06,+4.30753734E-03
-1.16800E-06,+4.95075341E-03
-1.16700E-06,+5.55376848E-03
-1.16600E-06,+5.59396949E-03
-1.16500E-06,+6.23718556E-03
-1.16400E-06,+6.88040163E-03
-1.16300E-06,+6.84020063E-03
-1.16200E-06,+6.88040163E-03
-1.16100E-06,+6.23718556E-03
-1.16000E-06,+6.84020063E-03
-1.15900E-06,+6.88040163E-03
-1.15800E-06,+8.12663278E-03
-1.15700E-06,+8.12663278E-03
-1.15600E-06,+7.52361771E-03
-1.15500E-06,+8.12663278E-03
-1.15400E-06,+8.16683378E-03
-1.15300E-06,+6.88040163E-03
-1.15200E-06,+8.12663278E-03
-1.15100E-06,+8.16683378E-03
-1.15000E-06,+8.16683378E-03
-1.14900E-06,+8.81004985E-03
-1.14800E-06,+8.81004985E-03
-1.14700E-06,+8.16683378E-03
-1.14600E-06,+8.16683378E-03
-1.14500E-06,+6.88040163E-03
-1.14400E-06,+7.48341670E-03
-1.14300E-06,+8.16683378E-03
-1.14200E-06,+8.12663278E-03
-1.14100E-06,+8.16683378E-03
-1.14000E-06,+8.16683378E-03
-1.13900E-06,+7.48341670E-03
-1.13800E-06,+7.52361771E-03
-1.13700E-06,+6.88040163E-03
-1.13600E-06,+6.88040163E-03
-1.13500E-06,+6.88040163E-03
-1.13400E-06,+6.88040163E-03
-1.13300E-06,+6.23718556E-03
-1.13200E-06,+6.88040163E-03
-1.13100E-06,+6.23718556E-03
-1.13000E-06,+6.23718556E-03
-1.12900E-06,+5.59396949E-03
-1.12800E-06,+5.59396949E-03
-1.12700E-06,+5.59396949E-03
-1.12600E-06,+4.30753734E-03
-1.12500E-06,+4.95075341E-03
-1.12400E-06,+4.95075341E-03
-1.12300E-06,+3.66432127E-03
-1.12200E-06,+3.02110519E-03
-1.12100E-06,+2.37788912E-03
-1.12000E-06,+2.98090419E-03
-1.11900E-06,+3.02110519E-03
-1.11800E-06,+2.98090419E-03
-1.11700E-06,+2.37788912E-03
-1.11600E-06,+2.37788912E-03
-1.11500E-06,+1.09145697E-03
-1.11400E-06,+448.24090E-06
-1.11300E-06,-838.19125E-06
-1.11200E-06,+408.03989E-06
-1.11100E-06,-194.97517E-06
-1.11000E-06,-235.17618E-06
-1.10900E-06,-838.19125E-06
-1.10800E-06,-838.19125E-06
-1.10700E-06,-2.12462340E-03
-1.10600E-06,-2.76783947E-03
-1.10500E-06,-4.05427162E-03
-1.10400E-06,-3.45125655E-03
-1.10300E-06,-4.05427162E-03
-1.10200E-06,-4.09447262E-03
-1.10100E-06,-4.73768869E-03
-1.10000E-06,-4.73768869E-03
-1.09900E-06,-6.62713591E-03
-1.09800E-06,-6.62713591E-03
-1.09700E-06,-7.91356806E-03
-1.09600E-06,-7.91356806E-03
-1.09500E-06,-7.31055299E-03
-1.09400E-06,-7.91356806E-03
-1.09300E-06,-8.55678413E-03
-1.09200E-06,-8.55678413E-03
-1.09100E-06,-9.20000020E-03
-1.09000E-06,-9.20000020E-03
-1.08900E-06,-10.44623135E-03
-1.08800E-06,-11.08944742E-03
-1.08700E-06,-11.12964842E-03
-1.08600E-06,-10.48643235E-03
-1.08500E-06,-11.12964842E-03
-1.08400E-06,-12.37587957E-03
-1.08300E-06,-12.41608057E-03
-1.08200E-06,-13.05929665E-03
-1.08100E-06,-14.30552779E-03
-1.08000E-06,-14.30552779E-03
-1.07900E-06,-13.70251272E-03
-1.07800E-06,-14.34572879E-03
-1.07700E-06,-14.34572879E-03
-1.07600E-06,-14.94874386E-03
-1.07500E-06,-15.63216094E-03
-1.07400E-06,-15.63216094E-03
-1.07300E-06,-16.27537701E-03
-1.07200E-06,-16.27537701E-03
-1.07100E-06,-16.27537701E-03
-1.07000E-06,-16.27537701E-03
-1.06900E-06,-16.91859309E-03
-1.06800E-06,-17.56180916E-03
-1.06700E-06,-18.20502523E-03
-1.06600E-06,-18.20502523E-03
-1.06500E-06,-18.16482423E-03
-1.06400E-06,-18.16482423E-03
-1.06300E-06,-18.20502523E-03
-1.06200E-06,-18.84824131E-03
-1.06100E-06,-18.84824131E-03
-1.06000E-06,-19.49145738E-03
-1.05900E-06,-20.13467345E-03
-1.05800E-06,-20.77788953E-03
-1.05700E-06,-22.02412067E-03
-1.05600E-06,-21.42110560E-03
-1.05500E-06,-21.38090460E-03
-1.05400E-06,-20.77788953E-03
-1.05300E-06,-21.38090460E-03
-1.05200E-06,-21.42110560E-03
-1.05100E-06,-22.06432167E-03
-1.05000E-06,-22.66733674E-03
-1.04900E-06,-23.35075382E-03
-1.04800E-06,-23.99396989E-03
-1.04700E-06,-22.70753775E-03
-1.04600E-06,-22.70753775E-03
-1.04500E-06,-23.95376889E-03
-1.04400E-06,-23.99396989E-03
-1.04300E-06,-24.63718597E-03
-1.04200E-06,-25.28040204E-03
-1.04100E-06,-25.88341711E-03
-1.04000E-06,-25.92361812E-03
-1.03900E-06,-25.28040204E-03
-1.03800E-06,-25.28040204E-03
-1.03700E-06,-25.92361812E-03
-1.03600E-06,-26.52663318E-03
-1.03500E-06,-26.56683419E-03
-1.03400E-06,-27.16984926E-03
-1.03300E-06,-27.21005026E-03
-1.03200E-06,-27.21005026E-03
-1.03100E-06,-27.21005026E-03
-1.03000E-06,-27.21005026E-03
-1.02900E-06,-27.85326634E-03
-1.02800E-06,-27.85326634E-03
-1.02700E-06,-29.13969848E-03
-1.02600E-06,-28.49648241E-03
-1.02500E-06,-28.49648241E-03
-1.02400E-06,-28.49648241E-03
-1.02300E-06,-27.85326634E-03
-1.02200E-06,-28.49648241E-03
-1.02100E-06,-28.49648241E-03
-1.02000E-06,-28.45628140E-03
-1.01900E-06,-29.09949748E-03
-1.01800E-06,-28.49648241E-03
-1.01700E-06,-29.09949748E-03
-1.01600E-06,-28.49648241E-03
-1.01500E-06,-27.85326634E-03
-1.01400E-06,-27.85326634E-03
-1.01300E-06,-28.49648241E-03
-1.01200E-06,-27.85326634E-03
-1.01100E-06,-27.85326634E-03
-1.01000E-06,-28.45628140E-03
-1.00900E-06,-28.45628140E-03
-1.00800E-06,-27.21005026E-03
-1.00700E-06,-26.56683419E-03
-1.00600E-06,-26.56683419E-03
-1.00500E-06,-27.16984926E-03
-1.00400E-06,-25.92361812E-03
-1.00300E-06,-25.92361812E-03
-1.00200E-06,-26.56683419E-03
-1.00100E-06,-26.52663318E-03
-1.00000E-06,-25.28040204E-03
-999.00E-09,-24.63718597E-03
-998.00E-09,-23.35075382E-03
-997.00E-09,-22.70753775E-03
-996.00E-09,-23.35075382E-03
-995.00E-09,-22.70753775E-03
-994.00E-09,-22.70753775E-03
-993.00E-09,-23.31055282E-03
-992.00E-09,-22.70753775E-03
-991.00E-09,-21.42110560E-03
-990.00E-09,-20.13467345E-03
-989.00E-09,-19.49145738E-03
-988.00E-09,-19.49145738E-03
-987.00E-09,-19.49145738E-03
-986.00E-09,-19.49145738E-03
-985.00E-09,-18.84824131E-03
-984.00E-09,-18.20502523E-03
-983.00E-09,-16.27537701E-03
-982.00E-09,-16.27537701E-03
-981.00E-09,-15.63216094E-03
-980.00E-09,-15.63216094E-03
-979.00E-09,-15.63216094E-03
-978.00E-09,-14.98894487E-03
-977.00E-09,-14.98894487E-03
-976.00E-09,-14.34572879E-03
-975.00E-09,-13.70251272E-03
-974.00E-09,-13.05929665E-03
-973.00E-09,-12.41608057E-03
-972.00E-09,-11.77286450E-03
-971.00E-09,-11.77286450E-03
-970.00E-09,-11.77286450E-03
-969.00E-09,-12.37587957E-03
-968.00E-09,-11.12964842E-03
-967.00E-09,-10.48643235E-03
-966.00E-09,-10.48643235E-03
-965.00E-09,-9.84321628E-03
-964.00E-09,-9.20000020E-03
-963.00E-09,-8.59698514E-03
-962.00E-09,-8.59698514E-03
-961.00E-09,-9.20000020E-03
-960.00E-09,-7.95376906E-03
-959.00E-09,-7.91356806E-03
-958.00E-09,-7.95376906E-03
-957.00E-09,-7.31055299E-03
-956.00E-09,-7.27035198E-03
-955.00E-09,-6.66733691E-03
-954.00E-09,-6.62713591E-03
-953.00E-09,-6.62713591E-03
-952.00E-09,-5.98391984E-03
-951.00E-09,-4.73768869E-03
-950.00E-09,-4.09447262E-03
-949.00E-09,-4.09447262E-03
-948.00E-09,-3.45125655E-03
-947.00E-09,-3.45125655E-03
-946.00E-09,-3.41105554E-03
-945.00E-09,-4.05427162E-03
-944.00E-09,-3.41105554E-03
-943.00E-09,-2.76783947E-03
-942.00E-09,-2.16482440E-03
-941.00E-09,-1.48140732E-03
-940.00E-09,-878.39225E-06
-939.00E-09,-1.52160833E-03
-938.00E-09,-1.48140732E-03
-937.00E-09,-2.12462340E-03
-936.00E-09,-878.39225E-06
-935.00E-09,-235.17618E-06
-934.00E-09,+408.03989E-06
-933.00E-09,-194.97517E-06
-932.00E-09,+1.09145697E-03
-931.00E-09,+1.69447204E-03
-930.00E-09,+448.24090E-06
-929.00E-09,+1.09145697E-03
-928.00E-09,+1.69447204E-03
-927.00E-09,+2.33768811E-03
-926.00E-09,+2.33768811E-03
-925.00E-09,+3.02110519E-03
-924.00E-09,+3.02110519E-03
-923.00E-09,+3.62412026E-03
-922.00E-09,+3.02110519E-03
-921.00E-09,+2.37788912E-03
-920.00E-09,+3.62412026E-03
-919.00E-09,+3.62412026E-03
-918.00E-09,+4.26733634E-03
-917.00E-09,+4.30753734E-03
-916.00E-09,+3.66432127E-03
-915.00E-09,+4.91055241E-03
-914.00E-09,+4.95075341E-03
-913.00E-09,+4.95075341E-03
-912.00E-09,+4.95075341E-03
-911.00E-09,+4.95075341E-03
-910.00E-09,+4.95075341E-03
-909.00E-09,+4.95075341E-03
-908.00E-09,+4.91055241E-03
-907.00E-09,+4.91055241E-03
-906.00E-09,+4.95075341E-03
-905.00E-09,+4.30753734E-03
-904.00E-09,+4.30753734E-03
-903.00E-09,+4.91055241E-03
-902.00E-09,+5.55376848E-03
-901.00E-09,+4.95075341E-03
-900.00E-09,+4.95075341E-03
-899.00E-09,+4.30753734E-03
-898.00E-09,+4.30753734E-03
-897.00E-09,+3.02110519E-03
-896.00E-09,+4.26733634E-03
-895.00E-09,+4.30753734E-03
-894.00E-09,+4.30753734E-03
-893.00E-09,+4.30753734E-03
-892.00E-09,+3.66432127E-03
-891.00E-09,+3.66432127E-03
-890.00E-09,+3.02110519E-03
-889.00E-09,+2.37788912E-03
-888.00E-09,+2.37788912E-03
-887.00E-09,+3.02110519E-03
-886.00E-09,+2.98090419E-03
-885.00E-09,+2.98090419E-03
-884.00E-09,+2.37788912E-03
-883.00E-09,+2.33768811E-03
-882.00E-09,+1.73467305E-03
-881.00E-09,+1.09145697E-03
-880.00E-09,+1.09145697E-03
-879.00E-09,+1.09145697E-03
-878.00E-09,+1.05125597E-03
-877.00E-09,-194.97517E-06
-876.00E-09,-838.19125E-06
-875.00E-09,-878.39225E-06
-874.00E-09,-838.19125E-06
-873.00E-09,-2.12462340E-03
-872.00E-09,-2.12462340E-03
-871.00E-09,-2.12462340E-03
-870.00E-09,-1.52160833E-03
-869.00E-09,-2.12462340E-03
-868.00E-09,-3.41105554E-03
-867.00E-09,-3.45125655E-03
-866.00E-09,-4.05427162E-03
-865.00E-09,-5.34070376E-03
-864.00E-09,-5.34070376E-03
-863.00E-09,-5.98391984E-03
-862.00E-09,-5.98391984E-03
-861.00E-09,-6.62713591E-03
-860.00E-09,-6.62713591E-03
-859.00E-09,-7.91356806E-03
-858.00E-09,-7.91356806E-03
-857.00E-09,-8.55678413E-03
-856.00E-09,-9.20000020E-03
-855.00E-09,-9.20000020E-03
-854.00E-09,-9.20000020E-03
-853.00E-09,-9.80301527E-03
-852.00E-09,-9.84321628E-03
-851.00E-09,-10.48643235E-03
-850.00E-09,-11.12964842E-03
-849.00E-09,-12.37587957E-03
-848.00E-09,-11.77286450E-03
-847.00E-09,-11.77286450E-03
-846.00E-09,-11.77286450E-03
-845.00E-09,-12.41608057E-03
-844.00E-09,-13.05929665E-03
-843.00E-09,-13.05929665E-03
-842.00E-09,-14.30552779E-03
-841.00E-09,-14.34572879E-03
-840.00E-09,-14.34572879E-03
-839.00E-09,-14.34572879E-03
-838.00E-09,-14.98894487E-03
-837.00E-09,-14.98894487E-03
-836.00E-09,-15.63216094E-03
-835.00E-09,-16.27537701E-03
-834.00E-09,-16.27537701E-03
-833.00E-09,-18.16482423E-03
-832.00E-09,-18.20502523E-03
-831.00E-09,-17.52160816E-03
-830.00E-09,-17.56180916E-03
-829.00E-09,-17.56180916E-03
-828.00E-09,-18.16482423E-03
-827.00E-09,-18.84824131E-03
-826.00E-09,-19.49145738E-03
-825.00E-09,-19.49145738E-03
-824.00E-09,-19.49145738E-03
-823.00E-09,-19.49145738E-03
-822.00E-09,-19.49145738E-03
-821.00E-09,-19.49145738E-03
-820.00E-09,-20.13467345E-03
-819.00E-09,-20.13467345E-03
-818.00E-09,-20.77788953E-03
-817.00E-09,-22.02412067E-03
-816.00E-09,-21.42110560E-03
-815.00E-09,-20.77788953E-03
-814.00E-09,-20.77788953E-03
-813.00E-09,-21.38090460E-03
-812.00E-09,-22.06432167E-03
-811.00E-09,-22.70753775E-03
-810.00E-09,-23.35075382E-03
-809.00E-09,-23.95376889E-03
-808.00E-09,-23.95376889E-03
-807.00E-09,-23.35075382E-03
-806.00E-09,-23.99396989E-03
-805.00E-09,-23.35075382E-03
-804.00E-09,-23.35075382E-03
-803.00E-09,-24.63718597E-03
-802.00E-09,-25.28040204E-03
-801.00E-09,-26.52663318E-03
-800.00E-09,-25.92361812E-03
-799.00E-09,-25.92361812E-03
-798.00E-09,-25.92361812E-03
-797.00E-09,-26.56683419E-03
-796.00E-09,-26.56683419E-03
-795.00E-09,-26.56683419E-03
-794.00E-09,-27.21005026E-03
-793.00E-09,-28.45628140E-03
-792.00E-09,-27.21005026E-03
-791.00E-09,-27.21005026E-03
-790.00E-09,-27.21005026E-03
-789.00E-09,-27.21005026E-03
-788.00E-09,-27.16984926E-03
-787.00E-09,-27.85326634E-03
-786.00E-09,-28.45628140E-03
-785.00E-09,-28.49648241E-03
-784.00E-09,-28.49648241E-03
-783.00E-09,-27.85326634E-03
-782.00E-09,-27.21005026E-03
-781.00E-09,-28.45628140E-03
-780.00E-09,-27.85326634E-03
-779.00E-09,-27.85326634E-03
-778.00E-09,-28.45628140E-03
-777.00E-09,-29.09949748E-03
-776.00E-09,-27.85326634E-03
-775.00E-09,-27.85326634E-03
-774.00E-09,-27.85326634E-03
-773.00E-09,-27.21005026E-03
-772.00E-09,-27.21005026E-03
-771.00E-09,-27.85326634E-03
-770.00E-09,-27.21005026E-03
-769.00E-09,-27.21005026E-03
-768.00E-09,-26.56683419E-03
-767.00E-09,-25.92361812E-03
-766.00E-09,-25.92361812E-03
-765.00E-09,-25.92361812E-03
-764.00E-09,-25.92361812E-03
-763.00E-09,-25.92361812E-03
-762.00E-09,-25.28040204E-03
-761.00E-09,-25.28040204E-03
-760.00E-09,-24.63718597E-03
-759.00E-09,-22.70753775E-03
-758.00E-09,-22.70753775E-03
-757.00E-09,-22.70753775E-03
-756.00E-09,-22.06432167E-03
-755.00E-09,-22.06432167E-03
-754.00E-09,-21.42110560E-03
-753.00E-09,-22.06432167E-03
-752.00E-09,-20.77788953E-03
-751.00E-09,-20.77788953E-03
-750.00E-09,-19.49145738E-03
-749.00E-09,-18.84824131E-03
-748.00E-09,-18.84824131E-03
-747.00E-09,-18.20502523E-03
-746.00E-09,-18.20502523E-03
-745.00E-09,-17.52160816E-03
-744.00E-09,-16.91859309E-03
-743.00E-09,-16.27537701E-03
-742.00E-09,-15.63216094E-03
-741.00E-09,-14.98894487E-03
-740.00E-09,-14.34572879E-03
-739.00E-09,-14.34572879E-03
-738.00E-09,-14.34572879E-03
-737.00E-09,-14.30552779E-03
-736.00E-09,-13.05929665E-03
-735.00E-09,-11.77286450E-03
-734.00E-09,-11.77286450E-03
-733.00E-09,-11.12964842E-03
-732.00E-09,-11.12964842E-03
-731.00E-09,-10.48643235E-03
-730.00E-09,-11.12964842E-03
-729.00E-09,-10.48643235E-03
-728.00E-09,-9.84321628E-03
-727.00E-09,-8.55678413E-03
-726.00E-09,-7.95376906E-03
-725.00E-09,-7.95376906E-03
-724.00E-09,-7.31055299E-03
-723.00E-09,-6.66733691E-03
-722.00E-09,-7.27035198E-03
-721.00E-09,-6.62713591E-03
-720.00E-09,-6.02412084E-03
-719.00E-09,-5.34070376E-03
-718.00E-09,-4.73768869E-03
-717.00E-09,-4.69748769E-03
-716.00E-09,-4.05427162E-03
-715.00E-09,-4.05427162E-03
-714.00E-09,-3.45125655E-03
-713.00E-09,-4.05427162E-03
-712.00E-09,-2.80804047E-03
-711.00E-09,-2.76783947E-03
-710.00E-09,-2.12462340E-03
-709.00E-09,-1.52160833E-03
-708.00E-09,-1.52160833E-03
-707.00E-09,-1.48140732E-03
-706.00E-09,-878.39225E-06
-705.00E-09,-838.19125E-06
-704.00E-09,-235.17618E-06
-703.00E-09,-194.97517E-06
-702.00E-09,+408.03989E-06
-701.00E-09,+1.09145697E-03
-700.00E-09,+1.69447204E-03
-699.00E-09,+1.69447204E-03
-698.00E-09,+1.73467305E-03
-697.00E-09,+1.09145697E-03
-696.00E-09,+2.98090419E-03
-695.00E-09,+2.98090419E-03
-694.00E-09,+2.98090419E-03
-693.00E-09,+3.62412026E-03
-692.00E-09,+3.66432127E-03
-691.00E-09,+3.62412026E-03
-690.00E-09,+3.66432127E-03
-689.00E-09,+3.02110519E-03
-688.00E-09,+4.26733634E-03
-687.00E-09,+4.91055241E-03
-686.00E-09,+5.55376848E-03
-685.00E-09,+6.19698456E-03
-684.00E-09,+5.59396949E-03
-683.00E-09,+5.59396949E-03
-682.00E-09,+5.59396949E-03
-681.00E-09,+4.95075341E-03
-680.00E-09,+5.59396949E-03
-679.00E-09,+6.84020063E-03
-678.00E-09,+6.23718556E-03
-677.00E-09,+7.48341670E-03
-676.00E-09,+7.52361771E-03
-675.00E-09,+7.52361771E-03
-674.00E-09,+7.52361771E-03
-673.00E-09,+6.88040163E-03
-672.00E-09,+8.12663278E-03
-671.00E-09,+7.52361771E-03
-670.00E-09,+8.76984885E-03
-669.00E-09,+8.76984885E-03
-668.00E-09,+8.16683378E-03
-667.00E-09,+8.12663278E-03
-666.00E-09,+8.76984885E-03
-665.00E-09,+8.16683378E-03
-664.00E-09,+8.76984885E-03
-663.00E-09,+8.76984885E-03
-662.00E-09,+9.41306492E-03
-661.00E-09,+8.81004985E-03
-660.00E-09,+8.81004985E-03
-659.00E-09,+8.81004985E-03
-658.00E-09,+8.76984885E-03
-657.00E-09,+7.52361771E-03
-656.00E-09,+8.12663278E-03
-655.00E-09,+7.52361771E-03
-654.00E-09,+7.48341670E-03
-653.00E-09,+7.48341670E-03
-652.00E-09,+7.52361771E-03
-651.00E-09,+6.88040163E-03
-650.00E-09,+6.88040163E-03
-649.00E-09,+6.88040163E-03
-648.00E-09,+7.48341670E-03
-647.00E-09,+6.88040163E-03
-646.00E-09,+6.23718556E-03
-645.00E-09,+6.23718556E-03
-644.00E-09,+6.19698456E-03
-643.00E-09,+6.23718556E-03
-642.00E-09,+5.59396949E-03
-641.00E-09,+4.95075341E-03
-640.00E-09,+4.95075341E-03
-639.00E-09,+5.59396949E-03
-638.00E-09,+4.95075341E-03
-637.00E-09,+4.30753734E-03
-636.00E-09,+4.91055241E-03
-635.00E-09,+4.30753734E-03
-634.00E-09,+3.02110519E-03
-633.00E-09,+2.37788912E-03
-632.00E-09,+2.33768811E-03
-631.00E-09,+2.37788912E-03
-630.00E-09,+2.33768811E-03
-629.00E-09,+1.73467305E-03
-628.00E-09,+1.73467305E-03
-627.00E-09,+1.09145697E-03
-626.00E-09,+448.24090E-06
-625.00E-09,-838.19125E-06
-624.00E-09,-838.19125E-06
-623.00E-09,-1.48140732E-03
-622.00E-09,-1.48140732E-03
-621.00E-09,-2.12462340E-03
-620.00E-09,-2.12462340E-03
-619.00E-09,-2.76783947E-03
-618.00E-09,-4.05427162E-03
-617.00E-09,-4.69748769E-03
-616.00E-09,-4.09447262E-03
-615.00E-09,-4.09447262E-03
-614.00E-09,-5.34070376E-03
-613.00E-09,-5.34070376E-03
-612.00E-09,-5.98391984E-03
-611.00E-09,-6.02412084E-03
-610.00E-09,-7.27035198E-03
-609.00E-09,-7.27035198E-03
-608.00E-09,-7.91356806E-03
-607.00E-09,-7.31055299E-03
-606.00E-09,-7.27035198E-03
-605.00E-09,-7.31055299E-03
-604.00E-09,-7.91356806E-03
-603.00E-09,-8.55678413E-03
-602.00E-09,-9.20000020E-03
-601.00E-09,-10.44623135E-03
-600.00E-09,-9.84321628E-03
-599.00E-09,-9.84321628E-03
-598.00E-09,-10.48643235E-03
-597.00E-09,-10.48643235E-03
-596.00E-09,-10.48643235E-03
-595.00E-09,-10.48643235E-03
-594.00E-09,-11.73266349E-03
-593.00E-09,-11.77286450E-03
-592.00E-09,-12.41608057E-03
-591.00E-09,-12.41608057E-03
-590.00E-09,-11.77286450E-03
-589.00E-09,-12.41608057E-03
-588.00E-09,-13.05929665E-03
-587.00E-09,-13.70251272E-03
-586.00E-09,-14.30552779E-03
-585.00E-09,-14.94874386E-03
-584.00E-09,-14.94874386E-03
-583.00E-09,-14.34572879E-03
-582.00E-09,-14.34572879E-03
-581.00E-09,-14.30552779E-03
-580.00E-09,-14.98894487E-03
-579.00E-09,-14.98894487E-03
-578.00E-09,-15.63216094E-03
-577.00E-09,-15.59195993E-03
-576.00E-09,-15.63216094E-03
-575.00E-09,-15.63216094E-03
-574.00E-09,-16.27537701E-03
-573.00E-09,-16.27537701E-03
-572.00E-09,-16.27537701E-03
-571.00E-09,-16.27537701E-03
-570.00E-09,-17.52160816E-03
-569.00E-09,-18.16482423E-03
-568.00E-09,-18.16482423E-03
-567.00E-09,-16.91859309E-03
-566.00E-09,-17.52160816E-03
-565.00E-09,-17.56180916E-03
-564.00E-09,-17.56180916E-03
-563.00E-09,-18.80804030E-03
-562.00E-09,-18.84824131E-03
-561.00E-09,-19.49145738E-03
-560.00E-09,-19.49145738E-03
-559.00E-09,-19.49145738E-03
-558.00E-09,-19.49145738E-03
-557.00E-09,-20.13467345E-03
-556.00E-09,-20.13467345E-03
-555.00E-09,-20.13467345E-03
-554.00E-09,-20.73768852E-03
-553.00E-09,-21.38090460E-03
-552.00E-09,-21.42110560E-03
-551.00E-09,-20.77788953E-03
-550.00E-09,-21.42110560E-03
-549.00E-09,-21.42110560E-03
-548.00E-09,-22.06432167E-03
-547.00E-09,-21.42110560E-03
-546.00E-09,-22.06432167E-03
-545.00E-09,-22.70753775E-03
-544.00E-09,-22.06432167E-03
-543.00E-09,-22.06432167E-03
-542.00E-09,-22.06432167E-03
-541.00E-09,-22.70753775E-03
-540.00E-09,-22.70753775E-03
-539.00E-09,-22.70753775E-03
-538.00E-09,-22.06432167E-03
-537.00E-09,-22.66733674E-03
-536.00E-09,-22.06432167E-03
-535.00E-09,-21.42110560E-03
-534.00E-09,-21.42110560E-03
-533.00E-09,-20.77788953E-03
-532.00E-09,-20.77788953E-03
-531.00E-09,-20.77788953E-03
-530.00E-09,-21.38090460E-03
-529.00E-09,-21.42110560E-03
-528.00E-09,-20.13467345E-03
-527.00E-09,-20.13467345E-03
-526.00E-09,-20.13467345E-03
-525.00E-09,-19.49145738E-03
-524.00E-09,-18.84824131E-03
-523.00E-09,-18.84824131E-03
-522.00E-09,-18.84824131E-03
-521.00E-09,-19.45125638E-03
-520.00E-09,-18.20502523E-03
-519.00E-09,-16.91859309E-03
-518.00E-09,-16.27537701E-03
-517.00E-09,-15.63216094E-03
-516.00E-09,-15.63216094E-03
-515.00E-09,-15.63216094E-03
-514.00E-09,-15.63216094E-03
-513.00E-09,-15.63216094E-03
-512.00E-09,-14.34572879E-03
-511.00E-09,-13.70251272E-03
-510.00E-09,-12.41608057E-03
-509.00E-09,-12.41608057E-03
-508.00E-09,-11.77286450E-03
-507.00E-09,-11.77286450E-03
-506.00E-09,-11.73266349E-03
-505.00E-09,-11.77286450E-03
-504.00E-09,-10.48643235E-03
-503.00E-09,-9.84321628E-03
-502.00E-09,-9.20000020E-03
-501.00E-09,-8.59698514E-03
-500.00E-09,-7.95376906E-03
-499.00E-09,-7.31055299E-03
-498.00E-09,-7.31055299E-03
-497.00E-09,-7.27035198E-03
-496.00E-09,-6.62713591E-03
-495.00E-09,-5.98391984E-03
-494.00E-09,-4.73768869E-03
-493.00E-09,-4.69748769E-03
-492.00E-09,-4.05427162E-03
-491.00E-09,-4.05427162E-03
-490.00E-09,-4.05427162E-03
-489.00E-09,-3.41105554E-03
-488.00E-09,-2.80804047E-03
-487.00E-09,-2.12462340E-03
-486.00E-09,-1.52160833E-03
-485.00E-09,-878.39225E-06
-484.00E-09,-235.17618E-06
-483.00E-09,+408.03989E-06
-482.00E-09,+408.03989E-06
-481.00E-09,-194.97517E-06
-480.00E-09,+408.03989E-06
-479.00E-09,+1.05125597E-03
-478.00E-09,+1.69447204E-03
-477.00E-09,+2.33768811E-03
-476.00E-09,+2.98090419E-03
-475.00E-09,+2.98090419E-03
-474.00E-09,+3.02110519E-03
-473.00E-09,+2.37788912E-03
-472.00E-09,+3.62412026E-03
-471.00E-09,+4.30753734E-03
-470.00E-09,+4.30753734E-03
-469.00E-09,+4.95075341E-03
-468.00E-09,+4.95075341E-03
-467.00E-09,+6.19698456E-03
-466.00E-09,+5.59396949E-03
-465.00E-09,+5.59396949E-03
-464.00E-09,+6.84020063E-03
-463.00E-09,+7.48341670E-03
-462.00E-09,+7.48341670E-03
-461.00E-09,+8.16683378E-03
-460.00E-09,+8.81004985E-03
-459.00E-09,+8.16683378E-03
-458.00E-09,+8.76984885E-03
-457.00E-09,+8.16683378E-03
-456.00E-09,+9.45326593E-03
-455.00E-09,+9.41306492E-03
-454.00E-09,+10.69949707E-03
-453.00E-09,+11.34271314E-03
-452.00E-09,+11.34271314E-03
-451.00E-09,+10.73969807E-03
-450.00E-09,+10.73969807E-03
-449.00E-09,+10.73969807E-03
-448.00E-09,+11.38291415E-03
-447.00E-09,+11.98592922E-03
-446.00E-09,+12.02613022E-03
-445.00E-09,+12.62914529E-03
-444.00E-09,+13.27236136E-03
-443.00E-09,+13.27236136E-03
-442.00E-09,+12.66934630E-03
-441.00E-09,+12.66934630E-03
-440.00E-09,+12.66934630E-03
-439.00E-09,+13.91557744E-03
-438.00E-09,+13.91557744E-03
-437.00E-09,+13.95577844E-03
-436.00E-09,+14.59899452E-03
-435.00E-09,+14.55879351E-03
-434.00E-09,+14.55879351E-03
-433.00E-09,+14.59899452E-03
-432.00E-09,+15.20200958E-03
-431.00E-09,+15.24221059E-03
-430.00E-09,+15.84522566E-03
-429.00E-09,+15.84522566E-03
-428.00E-09,+15.88542666E-03
-427.00E-09,+15.84522566E-03
-426.00E-09,+15.88542666E-03
-425.00E-09,+15.24221059E-03
-424.00E-09,+15.20200958E-03
-423.00E-09,+15.84522566E-03
-422.00E-09,+15.84522566E-03
-421.00E-09,+15.84522566E-03
-420.00E-09,+15.88542666E-03
-419.00E-09,+15.88542666E-03
-418.00E-09,+15.24221059E-03
-417.00E-09,+15.24221059E-03
-416.00E-09,+15.20200958E-03
-415.00E-09,+15.84522566E-03
-414.00E-09,+15.24221059E-03
-413.00E-09,+15.24221059E-03
-412.00E-09,+15.24221059E-03
-411.00E-09,+14.59899452E-03
-410.00E-09,+14.59899452E-03
-409.00E-09,+13.95577844E-03
-408.00E-09,+14.59899452E-03
-407.00E-09,+14.55879351E-03
-406.00E-09,+14.55879351E-03
-405.00E-09,+13.95577844E-03
-404.00E-09,+13.31256237E-03
-403.00E-09,+13.31256237E-03
-402.00E-09,+12.66934630E-03
-401.00E-09,+12.02613022E-03
-400.00E-09,+11.38291415E-03
-399.00E-09,+12.02613022E-03
-398.00E-09,+12.02613022E-03
-397.00E-09,+12.02613022E-03
-396.00E-09,+11.38291415E-03
-395.00E-09,+11.38291415E-03
-394.00E-09,+10.09648200E-03
-393.00E-09,+10.09648200E-03
-392.00E-09,+9.45326593E-03
-391.00E-09,+9.45326593E-03
-390.00E-09,+9.41306492E-03
-389.00E-09,+8.81004985E-03
-388.00E-09,+8.16683378E-03
-387.00E-09,+8.12663278E-03
-386.00E-09,+7.52361771E-03
-385.00E-09,+7.52361771E-03
-384.00E-09,+6.88040163E-03
-383.00E-09,+6.23718556E-03
-382.00E-09,+6.23718556E-03
-381.00E-09,+5.59396949E-03
-380.00E-09,+5.59396949E-03
-379.00E-09,+4.30753734E-03
-378.00E-09,+3.66432127E-03
-377.00E-09,+3.02110519E-03
-376.00E-09,+2.98090419E-03
-375.00E-09,+3.02110519E-03
-374.00E-09,+2.37788912E-03
-373.00E-09,+1.73467305E-03
-372.00E-09,+1.09145697E-03
-371.00E-09,+448.24090E-06
-370.00E-09,-194.97517E-06
-369.00E-09,-838.19125E-06
-368.00E-09,-838.19125E-06
-367.00E-09,-838.19125E-06
-366.00E-09,-878.39225E-06
-365.00E-09,-1.48140732E-03
-364.00E-09,-1.48140732E-03
-363.00E-09,-2.12462340E-03
-362.00E-09,-2.76783947E-03
-361.00E-09,-3.41105554E-03
-360.00E-09,-3.45125655E-03
-359.00E-09,-3.41105554E-03
-358.00E-09,-3.41105554E-03
-357.00E-09,-3.41105554E-03
-356.00E-09,-3.41105554E-03
-355.00E-09,-4.05427162E-03
-354.00E-09,-4.69748769E-03
-353.00E-09,-4.69748769E-03
-352.00E-09,-5.34070376E-03
-351.00E-09,-4.73768869E-03
-350.00E-09,-4.73768869E-03
-349.00E-09,-5.34070376E-03
-348.00E-09,-5.98391984E-03
-347.00E-09,-7.27035198E-03
-346.00E-09,-7.27035198E-03
-345.00E-09,-7.27035198E-03
-344.00E-09,-7.27035198E-03
-343.00E-09,-7.27035198E-03
-342.00E-09,-7.27035198E-03
-341.00E-09,-7.91356806E-03
-340.00E-09,-7.91356806E-03
-339.00E-09,-8.55678413E-03
-338.00E-09,-8.55678413E-03
-337.00E-09,-9.20000020E-03
-336.00E-09,-9.20000020E-03
-335.00E-09,-8.59698514E-03
-334.00E-09,-9.80301527E-03
-333.00E-09,-9.84321628E-03
-332.00E-09,-10.48643235E-03
-331.00E-09,-10.44623135E-03
-330.00E-09,-10.48643235E-03
-329.00E-09,-11.08944742E-03
-328.00E-09,-11.12964842E-03
-327.00E-09,-11.12964842E-03
-326.00E-09,-11.73266349E-03
-325.00E-09,-11.73266349E-03
-324.00E-09,-12.37587957E-03
-323.00E-09,-12.41608057E-03
-322.00E-09,-13.05929665E-03
-321.00E-09,-13.66231171E-03
-320.00E-09,-13.66231171E-03
-319.00E-09,-13.05929665E-03
-318.00E-09,-13.05929665E-03
-317.00E-09,-13.70251272E-03
-316.00E-09,-13.70251272E-03
-315.00E-09,-13.70251272E-03
-314.00E-09,-14.34572879E-03
-313.00E-09,-15.59195993E-03
-312.00E-09,-14.98894487E-03
-311.00E-09,-14.94874386E-03
-310.00E-09,-15.63216094E-03
-309.00E-09,-15.59195993E-03
-308.00E-09,-15.63216094E-03
-307.00E-09,-16.27537701E-03
-306.00E-09,-16.87839208E-03
-305.00E-09,-17.52160816E-03
-304.00E-09,-16.91859309E-03
-303.00E-09,-16.27537701E-03
-302.00E-09,-16.27537701E-03
-301.00E-09,-16.27537701E-03
-300.00E-09,-16.27537701E-03
-299.00E-09,-16.91859309E-03
-298.00E-09,-16.91859309E-03
-297.00E-09,-16.91859309E-03
-296.00E-09,-16.27537701E-03
-295.00E-09,-16.27537701E-03
-294.00E-09,-16.27537701E-03
-293.00E-09,-15.63216094E-03
-292.00E-09,-14.98894487E-03
-291.00E-09,-15.63216094E-03
-290.00E-09,-15.63216094E-03
-289.00E-09,-16.23517601E-03
-288.00E-09,-14.98894487E-03
-287.00E-09,-14.34572879E-03
-286.00E-09,-14.34572879E-03
-285.00E-09,-14.34572879E-03
-284.00E-09,-14.34572879E-03
-283.00E-09,-13.70251272E-03
-282.00E-09,-13.70251272E-03
-281.00E-09,-14.30552779E-03
-280.00E-09,-13.05929665E-03
-279.00E-09,-12.41608057E-03
-278.00E-09,-11.77286450E-03
-277.00E-09,-11.12964842E-03
-276.00E-09,-11.12964842E-03
-275.00E-09,-11.12964842E-03
-274.00E-09,-11.12964842E-03
-273.00E-09,-11.08944742E-03
-272.00E-09,-9.84321628E-03
-271.00E-09,-9.20000020E-03
-270.00E-09,-8.59698514E-03
-269.00E-09,-8.55678413E-03
-268.00E-09,-7.95376906E-03
-267.00E-09,-7.91356806E-03
-266.00E-09,-7.31055299E-03
-265.00E-09,-7.27035198E-03
-264.00E-09,-6.02412084E-03
-263.00E-09,-5.98391984E-03
-262.00E-09,-4.09447262E-03
-261.00E-09,-4.69748769E-03
-260.00E-09,-3.45125655E-03
-259.00E-09,-3.45125655E-03
-258.00E-09,-2.80804047E-03
-257.00E-09,-3.41105554E-03
-256.00E-09,-2.16482440E-03
-255.00E-09,-878.39225E-06
-254.00E-09,-235.17618E-06
-253.00E-09,-838.19125E-06
-252.00E-09,-194.97517E-06
-251.00E-09,-194.97517E-06
-250.00E-09,+448.24090E-06
-249.00E-09,+448.24090E-06
-248.00E-09,+1.09145697E-03
-247.00E-09,+2.33768811E-03
-246.00E-09,+2.98090419E-03
-245.00E-09,+3.66432127E-03
-244.00E-09,+3.62412026E-03
-243.00E-09,+4.26733634E-03
-242.00E-09,+4.91055241E-03
-241.00E-09,+4.30753734E-03
-240.00E-09,+4.30753734E-03
-239.00E-09,+5.55376848E-03
-238.00E-09,+6.19698456E-03
-237.00E-09,+6.19698456E-03
-236.00E-09,+6.84020063E-03
-235.00E-09,+6.84020063E-03
-234.00E-09,+7.52361771E-03
-233.00E-09,+7.52361771E-03
-232.00E-09,+8.12663278E-03
-231.00E-09,+8.76984885E-03
-230.00E-09,+8.76984885E-03
-229.00E-09,+8.81004985E-03
-228.00E-09,+9.41306492E-03
-227.00E-09,+10.05628100E-03
-226.00E-09,+10.69949707E-03
-225.00E-09,+10.09648200E-03
-224.00E-09,+10.73969807E-03
-223.00E-09,+11.34271314E-03
-222.00E-09,+11.38291415E-03
-221.00E-09,+12.02613022E-03
-220.00E-09,+12.62914529E-03
-219.00E-09,+12.62914529E-03
-218.00E-09,+12.02613022E-03
-217.00E-09,+12.02613022E-03
-216.00E-09,+13.27236136E-03
-215.00E-09,+13.31256237E-03
-214.00E-09,+13.91557744E-03
-213.00E-09,+13.95577844E-03
-212.00E-09,+14.59899452E-03
-211.00E-09,+15.20200958E-03
-210.00E-09,+15.20200958E-03
-209.00E-09,+14.59899452E-03
-208.00E-09,+14.59899452E-03
-207.00E-09,+15.24221059E-03
-206.00E-09,+15.88542666E-03
-205.00E-09,+16.48844173E-03
-204.00E-09,+17.17185881E-03
-203.00E-09,+17.17185881E-03
-202.00E-09,+17.13165781E-03
-201.00E-09,+16.52864274E-03
-200.00E-09,+17.77487388E-03
-199.00E-09,+17.81507488E-03
-198.00E-09,+17.77487388E-03
-197.00E-09,+18.45829096E-03
-196.00E-09,+18.41808995E-03
-195.00E-09,+19.06130603E-03
-194.00E-09,+18.45829096E-03
-193.00E-09,+17.81507488E-03
-192.00E-09,+18.45829096E-03
-191.00E-09,+18.45829096E-03
-190.00E-09,+19.70452210E-03
-189.00E-09,+19.10150703E-03
-188.00E-09,+19.06130603E-03
-187.00E-09,+19.70452210E-03
-186.00E-09,+19.10150703E-03
-185.00E-09,+19.10150703E-03
-184.00E-09,+19.06130603E-03
-183.00E-09,+19.70452210E-03
-182.00E-09,+19.06130603E-03
-181.00E-09,+19.10150703E-03
-180.00E-09,+19.10150703E-03
-179.00E-09,+19.10150703E-03
-178.00E-09,+19.06130603E-03
-177.00E-09,+18.45829096E-03
-176.00E-09,+19.06130603E-03
-175.00E-09,+18.45829096E-03
-174.00E-09,+19.06130603E-03
-173.00E-09,+19.10150703E-03
-172.00E-09,+18.45829096E-03
-171.00E-09,+17.81507488E-03
-170.00E-09,+17.81507488E-03
-169.00E-09,+17.17185881E-03
-168.00E-09,+17.81507488E-03
-167.00E-09,+17.13165781E-03
-166.00E-09,+17.77487388E-03
-165.00E-09,+17.77487388E-03
-164.00E-09,+17.77487388E-03
-163.00E-09,+17.17185881E-03
-162.00E-09,+17.17185881E-03
-161.00E-09,+15.88542666E-03
-160.00E-09,+15.88542666E-03
-159.00E-09,+15.84522566E-03
-158.00E-09,+15.24221059E-03
-157.00E-09,+14.59899452E-03
-156.00E-09,+14.59899452E-03
-155.00E-09,+13.95577844E-03
-154.00E-09,+13.31256237E-03
-153.00E-09,+13.31256237E-03
-152.00E-09,+13.27236136E-03
-151.00E-09,+13.31256237E-03
-150.00E-09,+12.66934630E-03
-149.00E-09,+12.66934630E-03
-148.00E-09,+12.62914529E-03
-147.00E-09,+11.38291415E-03
-146.00E-09,+10.73969807E-03
-145.00E-09,+10.09648200E-03
-144.00E-09,+10.05628100E-03
-143.00E-09,+10.05628100E-03
-142.00E-09,+10.05628100E-03
-141.00E-09,+8.81004985E-03
-140.00E-09,+8.16683378E-03
-139.00E-09,+8.12663278E-03
-138.00E-09,+6.88040163E-03
-137.00E-09,+6.23718556E-03
-136.00E-09,+6.23718556E-03
-135.00E-09,+6.84020063E-03
-134.00E-09,+6.19698456E-03
-133.00E-09,+5.59396949E-03
-132.00E-09,+4.95075341E-03
-131.00E-09,+3.66432127E-03
-130.00E-09,+3.02110519E-03
-129.00E-09,+2.37788912E-03
-128.00E-09,+2.98090419E-03
-127.00E-09,+2.37788912E-03
-126.00E-09,+2.33768811E-03
-125.00E-09,+2.37788912E-03
-124.00E-09,+2.37788912E-03
-123.00E-09,+1.69447204E-03
-122.00E-09,+1.69447204E-03
-121.00E-09,-194.97517E-06
-120.00E-09,-194.97517E-06
-119.00E-09,-838.19125E-06
-118.00E-09,-878.39225E-06
-117.00E-09,-1.48140732E-03
-116.00E-09,-1.48140732E-03
-115.00E-09,-2.12462340E-03
-114.00E-09,-2.12462340E-03
-113.00E-09,-3.41105554E-03
-112.00E-09,-2.80804047E-03
-111.00E-09,-2.80804047E-03
-110.00E-09,-3.45125655E-03
-109.00E-09,-3.41105554E-03
-108.00E-09,-3.41105554E-03
-107.00E-09,-4.05427162E-03
-106.00E-09,-4.69748769E-03
-105.00E-09,-5.34070376E-03
-104.00E-09,-5.34070376E-03
-103.00E-09,-5.34070376E-03
-102.00E-09,-5.98391984E-03
-101.00E-09,-5.98391984E-03
-100.00E-09,-5.98391984E-03
-99.00E-09,-6.02412084E-03
-98.00E-09,-7.27035198E-03
-97.00E-09,-7.91356806E-03
-96.00E-09,-7.91356806E-03
-95.00E-09,-7.27035198E-03
-94.00E-09,-7.27035198E-03
-93.00E-09,-7.27035198E-03
-92.00E-09,-7.27035198E-03
-91.00E-09,-8.55678413E-03
-90.00E-09,-9.20000020E-03
-89.00E-09,-9.80301527E-03
-88.00E-09,-9.84321628E-03
-87.00E-09,-8.59698514E-03
-86.00E-09,-9.20000020E-03
-85.00E-09,-9.80301527E-03
-84.00E-09,-10.48643235E-03
-83.00E-09,-11.12964842E-03
-82.00E-09,-11.12964842E-03
-81.00E-09,-11.12964842E-03
-80.00E-09,-11.77286450E-03
-79.00E-09,-11.12964842E-03
-78.00E-09,-11.77286450E-03
-77.00E-09,-11.77286450E-03
-76.00E-09,-11.77286450E-03
-75.00E-09,-12.41608057E-03
-74.00E-09,-13.01909564E-03
-73.00E-09,-14.30552779E-03
-72.00E-09,-13.70251272E-03
-71.00E-09,-13.70251272E-03
-70.00E-09,-13.70251272E-03
-69.00E-09,-14.30552779E-03
-68.00E-09,-14.34572879E-03
-67.00E-09,-14.34572879E-03
-66.00E-09,-14.98894487E-03
-65.00E-09,-15.59195993E-03
-64.00E-09,-15.63216094E-03
-63.00E-09,-14.34572879E-03
-62.00E-09,-15.59195993E-03
-61.00E-09,-14.98894487E-03
-60.00E-09,-15.59195993E-03
-59.00E-09,-15.63216094E-03
-58.00E-09,-15.63216094E-03
-57.00E-09,-15.63216094E-03
-56.00E-09,-15.63216094E-03
-55.00E-09,-14.98894487E-03
-54.00E-09,-14.98894487E-03
-53.00E-09,-14.34572879E-03
-52.00E-09,-14.98894487E-03
-51.00E-09,-14.34572879E-03
-50.00E-09,-14.94874386E-03
-49.00E-09,-15.59195993E-03
-48.00E-09,-14.34572879E-03
-47.00E-09,-13.70251272E-03
-46.00E-09,-13.70251272E-03
-45.00E-09,-13.70251272E-03
-44.00E-09,-13.05929665E-03
-43.00E-09,-13.70251272E-03
-42.00E-09,-13.05929665E-03
-41.00E-09,-13.66231171E-03
-40.00E-09,-12.41608057E-03
-39.00E-09,-11.12964842E-03
-38.00E-09,-11.77286450E-03
-37.00E-09,-11.12964842E-03
-36.00E-09,-10.48643235E-03
-35.00E-09,-10.48643235E-03
-34.00E-09,-9.84321628E-03
-33.00E-09,-9.84321628E-03
-32.00E-09,-9.84321628E-03
-31.00E-09,-8.59698514E-03
-30.00E-09,-8.55678413E-03
-29.00E-09,-7.91356806E-03
-28.00E-09,-7.27035198E-03
-27.00E-09,-7.31055299E-03
-26.00E-09,-6.62713591E-03
-25.00E-09,-6.62713591E-03
-24.00E-09,-6.62713591E-03
-23.00E-09,-5.34070376E-03
-22.00E-09,-4.73768869E-03
-21.00E-09,-4.09447262E-03
-20.00E-09,-3.45125655E-03
-19.00E-09,-3.45125655E-03
-18.00E-09,-2.76783947E-03
-17.00E-09,-3.41105554E-03
-16.00E-09,-2.16482440E-03
-15.00E-09,-878.39225E-06
-14.00E-09,-878.39225E-06
-13.00E-09,-194.97517E-06
-12.00E-09,+448.24090E-06
-11.00E-09,+408.03989E-06
-10.00E-09,+1.09145697E-03
-9.00E-09,+1.09145697E-03
-8.00E-09,+1.69447204E-03
-7.00E-09,+1.73467305E-03
-6.00E-09,+2.33768811E-03
-5.00E-09,+3.62412026E-03
-4.00E-09,+3.66432127E-03
-3.00E-09,+3.62412026E-03
-2.00E-09,+3.66432127E-03
-1.00E-09,+4.26733634E-03
-0.0E+00,+4.30753734E-03
+1.00E-09,+4.95075341E-03
+2.00E-09,+5.55376848E-03
+3.00E-09,+6.23718556E-03
+4.00E-09,+6.84020063E-03
+5.00E-09,+6.84020063E-03
+6.00E-09,+6.23718556E-03
+7.00E-09,+6.88040163E-03
+8.00E-09,+8.12663278E-03
+9.00E-09,+8.16683378E-03
+10.00E-09,+8.76984885E-03
+11.00E-09,+8.81004985E-03
+12.00E-09,+8.81004985E-03
+13.00E-09,+8.81004985E-03
+14.00E-09,+10.05628100E-03
+15.00E-09,+9.45326593E-03
+16.00E-09,+10.69949707E-03
+17.00E-09,+11.34271314E-03
+18.00E-09,+11.38291415E-03
+19.00E-09,+11.98592922E-03
+20.00E-09,+12.02613022E-03
+21.00E-09,+12.62914529E-03
+22.00E-09,+12.02613022E-03
+23.00E-09,+11.38291415E-03
+24.00E-09,+12.02613022E-03
+25.00E-09,+13.27236136E-03
+26.00E-09,+13.27236136E-03
+27.00E-09,+13.91557744E-03
+28.00E-09,+13.95577844E-03
+29.00E-09,+14.55879351E-03
+30.00E-09,+13.95577844E-03
+31.00E-09,+13.95577844E-03
+32.00E-09,+14.55879351E-03
+33.00E-09,+14.55879351E-03
+34.00E-09,+15.20200958E-03
+35.00E-09,+15.88542666E-03
+36.00E-09,+15.88542666E-03
+37.00E-09,+15.88542666E-03
+38.00E-09,+15.88542666E-03
+39.00E-09,+15.24221059E-03
+40.00E-09,+15.84522566E-03
+41.00E-09,+15.88542666E-03
+42.00E-09,+17.13165781E-03
+43.00E-09,+17.17185881E-03
+44.00E-09,+17.77487388E-03
+45.00E-09,+17.81507488E-03
+46.00E-09,+17.81507488E-03
+47.00E-09,+17.17185881E-03
+48.00E-09,+18.41808995E-03
+49.00E-09,+18.41808995E-03
+50.00E-09,+19.06130603E-03
+51.00E-09,+18.45829096E-03
+52.00E-09,+18.41808995E-03
+53.00E-09,+18.41808995E-03
+54.00E-09,+17.81507488E-03
+55.00E-09,+17.17185881E-03
+56.00E-09,+17.81507488E-03
+57.00E-09,+18.41808995E-03
+58.00E-09,+18.41808995E-03
+59.00E-09,+18.45829096E-03
+60.00E-09,+18.45829096E-03
+61.00E-09,+17.81507488E-03
+62.00E-09,+17.81507488E-03
+63.00E-09,+17.17185881E-03
+64.00E-09,+17.81507488E-03
+65.00E-09,+17.81507488E-03
+66.00E-09,+18.41808995E-03
+67.00E-09,+17.81507488E-03
+68.00E-09,+17.17185881E-03
+69.00E-09,+16.52864274E-03
+70.00E-09,+16.52864274E-03
+71.00E-09,+15.88542666E-03
+72.00E-09,+16.52864274E-03
+73.00E-09,+16.52864274E-03
+74.00E-09,+15.88542666E-03
+75.00E-09,+16.48844173E-03
+76.00E-09,+16.48844173E-03
+77.00E-09,+15.88542666E-03
+78.00E-09,+14.59899452E-03
+79.00E-09,+13.95577844E-03
+80.00E-09,+14.55879351E-03
+81.00E-09,+14.59899452E-03
+82.00E-09,+13.95577844E-03
+83.00E-09,+13.95577844E-03
+84.00E-09,+13.31256237E-03
+85.00E-09,+13.31256237E-03
+86.00E-09,+12.66934630E-03
+87.00E-09,+11.38291415E-03
+88.00E-09,+11.38291415E-03
+89.00E-09,+11.34271314E-03
+90.00E-09,+10.69949707E-03
+91.00E-09,+10.73969807E-03
+92.00E-09,+10.09648200E-03
+93.00E-09,+9.45326593E-03
+94.00E-09,+8.81004985E-03
+95.00E-09,+7.52361771E-03
+96.00E-09,+7.52361771E-03
+97.00E-09,+7.52361771E-03
+98.00E-09,+6.84020063E-03
+99.00E-09,+6.23718556E-03
+100.00E-09,+6.23718556E-03
+101.00E-09,+6.19698456E-03
+102.00E-09,+5.59396949E-03
+103.00E-09,+4.30753734E-03
+104.00E-09,+3.66432127E-03
+105.00E-09,+3.02110519E-03
+106.00E-09,+2.98090419E-03
+107.00E-09,+3.02110519E-03
+108.00E-09,+2.37788912E-03
+109.00E-09,+1.73467305E-03
+110.00E-09,+1.73467305E-03
+111.00E-09,-194.97517E-06
+112.00E-09,+408.03989E-06
+113.00E-09,+448.24090E-06
+114.00E-09,+408.03989E-06
+115.00E-09,-838.19125E-06
+116.00E-09,-194.97517E-06
+117.00E-09,-838.19125E-06
+118.00E-09,-1.48140732E-03
+119.00E-09,-2.76783947E-03
+120.00E-09,-2.76783947E-03
+121.00E-09,-2.76783947E-03
+122.00E-09,-2.80804047E-03
+123.00E-09,-4.05427162E-03
+124.00E-09,-3.45125655E-03
+125.00E-09,-3.45125655E-03
+126.00E-09,-2.80804047E-03
+127.00E-09,-4.69748769E-03
+128.00E-09,-5.34070376E-03
+129.00E-09,-5.34070376E-03
+130.00E-09,-5.34070376E-03
+131.00E-09,-5.98391984E-03
+132.00E-09,-5.38090477E-03
+133.00E-09,-6.02412084E-03
+134.00E-09,-7.27035198E-03
+135.00E-09,-8.55678413E-03
+136.00E-09,-7.31055299E-03
+137.00E-09,-7.91356806E-03
+138.00E-09,-7.31055299E-03
+139.00E-09,-8.55678413E-03
+140.00E-09,-7.95376906E-03
+141.00E-09,-8.55678413E-03
+142.00E-09,-9.20000020E-03
+143.00E-09,-9.80301527E-03
+144.00E-09,-9.84321628E-03
+145.00E-09,-9.84321628E-03
+146.00E-09,-10.44623135E-03
+147.00E-09,-11.08944742E-03
+148.00E-09,-10.48643235E-03
+149.00E-09,-10.48643235E-03
+150.00E-09,-11.12964842E-03
+151.00E-09,-11.77286450E-03
+152.00E-09,-11.77286450E-03
+153.00E-09,-11.77286450E-03
+154.00E-09,-12.41608057E-03
+155.00E-09,-11.77286450E-03
+156.00E-09,-12.41608057E-03
+157.00E-09,-13.05929665E-03
+158.00E-09,-13.66231171E-03
+159.00E-09,-14.30552779E-03
+160.00E-09,-13.70251272E-03
+161.00E-09,-13.70251272E-03
+162.00E-09,-13.70251272E-03
+163.00E-09,-13.70251272E-03
+164.00E-09,-14.34572879E-03
+165.00E-09,-14.98894487E-03
+166.00E-09,-15.59195993E-03
+167.00E-09,-16.27537701E-03
+168.00E-09,-16.87839208E-03
+169.00E-09,-16.27537701E-03
+170.00E-09,-16.87839208E-03
+171.00E-09,-16.27537701E-03
+172.00E-09,-16.87839208E-03
+173.00E-09,-16.91859309E-03
+174.00E-09,-16.91859309E-03
+175.00E-09,-18.16482423E-03
+176.00E-09,-17.56180916E-03
+177.00E-09,-17.56180916E-03
+178.00E-09,-17.56180916E-03
+179.00E-09,-18.20502523E-03
+180.00E-09,-18.20502523E-03
+181.00E-09,-18.20502523E-03
+182.00E-09,-18.20502523E-03
+183.00E-09,-19.45125638E-03
+184.00E-09,-18.20502523E-03
+185.00E-09,-17.56180916E-03
+186.00E-09,-17.56180916E-03
+187.00E-09,-17.56180916E-03
+188.00E-09,-18.16482423E-03
+189.00E-09,-18.20502523E-03
+190.00E-09,-18.20502523E-03
+191.00E-09,-18.16482423E-03
+192.00E-09,-17.56180916E-03
+193.00E-09,-16.91859309E-03
+194.00E-09,-16.91859309E-03
+195.00E-09,-16.27537701E-03
+196.00E-09,-15.63216094E-03
+197.00E-09,-16.27537701E-03
+198.00E-09,-15.63216094E-03
+199.00E-09,-16.23517601E-03
+200.00E-09,-15.63216094E-03
+201.00E-09,-14.98894487E-03
+202.00E-09,-14.98894487E-03
+203.00E-09,-14.98894487E-03
+204.00E-09,-14.34572879E-03
+205.00E-09,-13.70251272E-03
+206.00E-09,-13.70251272E-03
+207.00E-09,-13.70251272E-03
+208.00E-09,-13.05929665E-03
+209.00E-09,-12.41608057E-03
+210.00E-09,-11.77286450E-03
+211.00E-09,-11.77286450E-03
+212.00E-09,-11.73266349E-03
+213.00E-09,-11.12964842E-03
+214.00E-09,-10.48643235E-03
+215.00E-09,-10.48643235E-03
+216.00E-09,-9.84321628E-03
+217.00E-09,-8.59698514E-03
+218.00E-09,-7.95376906E-03
+219.00E-09,-7.27035198E-03
+220.00E-09,-6.62713591E-03
+221.00E-09,-7.27035198E-03
+222.00E-09,-6.62713591E-03
+223.00E-09,-6.62713591E-03
+224.00E-09,-6.62713591E-03
+225.00E-09,-5.34070376E-03
+226.00E-09,-4.09447262E-03
+227.00E-09,-4.05427162E-03
+228.00E-09,-3.41105554E-03
+229.00E-09,-3.45125655E-03
+230.00E-09,-2.80804047E-03
+231.00E-09,-3.41105554E-03
+232.00E-09,-2.80804047E-03
+233.00E-09,-1.52160833E-03
+234.00E-09,-1.52160833E-03
+235.00E-09,-838.19125E-06
+236.00E-09,-838.19125E-06
+237.00E-09,-194.97517E-06
+238.00E-09,-194.97517E-06
+239.00E-09,+448.24090E-06
+240.00E-09,+1.09145697E-03
+241.00E-09,+1.09145697E-03
+242.00E-09,+1.69447204E-03
+243.00E-09,+2.33768811E-03
+244.00E-09,+2.33768811E-03
+245.00E-09,+2.37788912E-03
+246.00E-09,+3.02110519E-03
+247.00E-09,+2.37788912E-03
+248.00E-09,+3.02110519E-03
+249.00E-09,+3.62412026E-03
+250.00E-09,+4.26733634E-03
+251.00E-09,+4.91055241E-03
+252.00E-09,+4.95075341E-03
+253.00E-09,+4.30753734E-03
+254.00E-09,+4.91055241E-03
+255.00E-09,+5.59396949E-03
+256.00E-09,+5.59396949E-03
+257.00E-09,+6.23718556E-03
+258.00E-09,+6.84020063E-03
+259.00E-09,+6.84020063E-03
+260.00E-09,+7.48341670E-03
+261.00E-09,+6.88040163E-03
+262.00E-09,+7.48341670E-03
+263.00E-09,+6.88040163E-03
+264.00E-09,+7.48341670E-03
+265.00E-09,+8.16683378E-03
+266.00E-09,+8.76984885E-03
+267.00E-09,+8.81004985E-03
+268.00E-09,+8.81004985E-03
+269.00E-09,+9.41306492E-03
+270.00E-09,+10.05628100E-03
+271.00E-09,+9.45326593E-03
+272.00E-09,+9.45326593E-03
+273.00E-09,+10.09648200E-03
+274.00E-09,+10.69949707E-03
+275.00E-09,+10.09648200E-03
+276.00E-09,+10.73969807E-03
+277.00E-09,+10.73969807E-03
+278.00E-09,+10.73969807E-03
+279.00E-09,+10.73969807E-03
+280.00E-09,+11.34271314E-03
+281.00E-09,+12.02613022E-03
+282.00E-09,+12.62914529E-03
+283.00E-09,+12.62914529E-03
+284.00E-09,+12.66934630E-03
+285.00E-09,+12.02613022E-03
+286.00E-09,+12.02613022E-03
+287.00E-09,+12.02613022E-03
+288.00E-09,+12.02613022E-03
+289.00E-09,+12.66934630E-03
+290.00E-09,+12.62914529E-03
+291.00E-09,+13.31256237E-03
+292.00E-09,+13.31256237E-03
+293.00E-09,+12.66934630E-03
+294.00E-09,+12.66934630E-03
+295.00E-09,+12.66934630E-03
+296.00E-09,+12.66934630E-03
+297.00E-09,+13.91557744E-03
+298.00E-09,+13.27236136E-03
+299.00E-09,+13.31256237E-03
+300.00E-09,+13.31256237E-03
+301.00E-09,+13.91557744E-03
+302.00E-09,+12.66934630E-03
+303.00E-09,+12.02613022E-03
+304.00E-09,+12.02613022E-03
+305.00E-09,+12.02613022E-03
+306.00E-09,+12.02613022E-03
+307.00E-09,+12.66934630E-03
+308.00E-09,+12.62914529E-03
+309.00E-09,+12.02613022E-03
+310.00E-09,+12.02613022E-03
+311.00E-09,+10.73969807E-03
+312.00E-09,+10.73969807E-03
+313.00E-09,+11.34271314E-03
+314.00E-09,+10.73969807E-03
+315.00E-09,+10.73969807E-03
+316.00E-09,+10.73969807E-03
+317.00E-09,+10.05628100E-03
+318.00E-09,+9.45326593E-03
+319.00E-09,+8.16683378E-03
+320.00E-09,+8.16683378E-03
+321.00E-09,+8.81004985E-03
+322.00E-09,+8.81004985E-03
+323.00E-09,+7.52361771E-03
+324.00E-09,+7.52361771E-03
+325.00E-09,+6.88040163E-03
+326.00E-09,+6.23718556E-03
+327.00E-09,+6.23718556E-03
+328.00E-09,+5.59396949E-03
+329.00E-09,+6.23718556E-03
+330.00E-09,+5.59396949E-03
+331.00E-09,+6.19698456E-03
+332.00E-09,+4.95075341E-03
+333.00E-09,+4.30753734E-03
+334.00E-09,+3.66432127E-03
+335.00E-09,+2.37788912E-03
+336.00E-09,+2.37788912E-03
+337.00E-09,+2.37788912E-03
+338.00E-09,+2.37788912E-03
+339.00E-09,+1.73467305E-03
+340.00E-09,+1.09145697E-03
+341.00E-09,+408.03989E-06
+342.00E-09,-194.97517E-06
+343.00E-09,-2.12462340E-03
+344.00E-09,-2.12462340E-03
+345.00E-09,-1.52160833E-03
+346.00E-09,-2.16482440E-03
+347.00E-09,-2.76783947E-03
+348.00E-09,-2.76783947E-03
+349.00E-09,-3.41105554E-03
+350.00E-09,-3.41105554E-03
+351.00E-09,-5.34070376E-03
+352.00E-09,-4.73768869E-03
+353.00E-09,-5.38090477E-03
+354.00E-09,-5.98391984E-03
+355.00E-09,-5.98391984E-03
+356.00E-09,-6.62713591E-03
+357.00E-09,-7.27035198E-03
+358.00E-09,-7.27035198E-03
+359.00E-09,-8.55678413E-03
+360.00E-09,-8.55678413E-03
+361.00E-09,-8.55678413E-03
+362.00E-09,-8.59698514E-03
+363.00E-09,-9.80301527E-03
+364.00E-09,-9.84321628E-03
+365.00E-09,-10.44623135E-03
+366.00E-09,-11.12964842E-03
+367.00E-09,-11.08944742E-03
+368.00E-09,-11.12964842E-03
+369.00E-09,-11.12964842E-03
+370.00E-09,-11.12964842E-03
+371.00E-09,-11.77286450E-03
+372.00E-09,-12.41608057E-03
+373.00E-09,-13.05929665E-03
+374.00E-09,-13.66231171E-03
+375.00E-09,-14.30552779E-03
+376.00E-09,-13.70251272E-03
+377.00E-09,-13.05929665E-03
+378.00E-09,-14.30552779E-03
+379.00E-09,-13.70251272E-03
+380.00E-09,-14.34572879E-03
+381.00E-09,-14.98894487E-03
+382.00E-09,-15.59195993E-03
+383.00E-09,-16.23517601E-03
+384.00E-09,-16.87839208E-03
+385.00E-09,-16.27537701E-03
+386.00E-09,-16.27537701E-03
+387.00E-09,-16.27537701E-03
+388.00E-09,-16.91859309E-03
+389.00E-09,-17.56180916E-03
+390.00E-09,-18.20502523E-03
+391.00E-09,-18.16482423E-03
+392.00E-09,-18.80804030E-03
+393.00E-09,-17.56180916E-03
+394.00E-09,-18.20502523E-03
+395.00E-09,-18.84824131E-03
+396.00E-09,-19.49145738E-03
+397.00E-09,-20.13467345E-03
+398.00E-09,-20.13467345E-03
+399.00E-09,-20.09447245E-03
+400.00E-09,-20.77788953E-03
+401.00E-09,-20.13467345E-03
+402.00E-09,-20.77788953E-03
+403.00E-09,-20.77788953E-03
+404.00E-09,-21.38090460E-03
+405.00E-09,-22.06432167E-03
+406.00E-09,-22.06432167E-03
+407.00E-09,-22.66733674E-03
+408.00E-09,-22.70753775E-03
+409.00E-09,-22.70753775E-03
+410.00E-09,-23.31055282E-03
+411.00E-09,-23.35075382E-03
+412.00E-09,-23.35075382E-03
+413.00E-09,-23.35075382E-03
+414.00E-09,-24.59698496E-03
+415.00E-09,-25.88341711E-03
+416.00E-09,-25.28040204E-03
+417.00E-09,-24.63718597E-03
+418.00E-09,-24.63718597E-03
+419.00E-09,-24.63718597E-03
+420.00E-09,-24.63718597E-03
+421.00E-09,-25.24020104E-03
+422.00E-09,-24.63718597E-03
+423.00E-09,-25.28040204E-03
+424.00E-09,-25.28040204E-03
+425.00E-09,-24.63718597E-03
+426.00E-09,-24.63718597E-03
+427.00E-09,-25.24020104E-03
+428.00E-09,-24.63718597E-03
+429.00E-09,-24.63718597E-03
+430.00E-09,-24.63718597E-03
+431.00E-09,-25.88341711E-03
+432.00E-09,-24.63718597E-03
+433.00E-09,-23.35075382E-03
+434.00E-09,-23.35075382E-03
+435.00E-09,-23.35075382E-03
+436.00E-09,-23.35075382E-03
+437.00E-09,-23.99396989E-03
+438.00E-09,-22.70753775E-03
+439.00E-09,-23.35075382E-03
+440.00E-09,-22.70753775E-03
+441.00E-09,-20.77788953E-03
+442.00E-09,-21.42110560E-03
+443.00E-09,-21.42110560E-03
+444.00E-09,-21.42110560E-03
+445.00E-09,-20.77788953E-03
+446.00E-09,-20.77788953E-03
+447.00E-09,-20.13467345E-03
+448.00E-09,-20.13467345E-03
+449.00E-09,-18.84824131E-03
+450.00E-09,-18.20502523E-03
+451.00E-09,-17.56180916E-03
+452.00E-09,-17.56180916E-03
+453.00E-09,-17.56180916E-03
+454.00E-09,-16.91859309E-03
+455.00E-09,-17.52160816E-03
+456.00E-09,-16.27537701E-03
+457.00E-09,-15.63216094E-03
+458.00E-09,-15.63216094E-03
+459.00E-09,-14.34572879E-03
+460.00E-09,-13.70251272E-03
+461.00E-09,-13.05929665E-03
+462.00E-09,-13.05929665E-03
+463.00E-09,-13.66231171E-03
+464.00E-09,-12.41608057E-03
+465.00E-09,-11.77286450E-03
+466.00E-09,-11.12964842E-03
+467.00E-09,-10.48643235E-03
+468.00E-09,-10.48643235E-03
+469.00E-09,-10.48643235E-03
+470.00E-09,-9.84321628E-03
+471.00E-09,-9.84321628E-03
+472.00E-09,-9.20000020E-03
+473.00E-09,-8.55678413E-03
+474.00E-09,-8.55678413E-03
+475.00E-09,-7.91356806E-03
+476.00E-09,-7.31055299E-03
+477.00E-09,-7.27035198E-03
+478.00E-09,-5.98391984E-03
+479.00E-09,-6.62713591E-03
+480.00E-09,-5.98391984E-03
+481.00E-09,-5.34070376E-03
+482.00E-09,-5.34070376E-03
+483.00E-09,-4.69748769E-03
+484.00E-09,-4.09447262E-03
+485.00E-09,-4.05427162E-03
+486.00E-09,-3.45125655E-03
+487.00E-09,-4.05427162E-03
+488.00E-09,-2.80804047E-03
+489.00E-09,-2.16482440E-03
+490.00E-09,-1.52160833E-03
+491.00E-09,-2.12462340E-03
+492.00E-09,-2.12462340E-03
+493.00E-09,-2.16482440E-03
+494.00E-09,-1.52160833E-03
+495.00E-09,-1.48140732E-03
+496.00E-09,-878.39225E-06
+497.00E-09,-235.17618E-06
+498.00E-09,-235.17618E-06
+499.00E-09,+408.03989E-06
+500.00E-09,+1.05125597E-03
+501.00E-09,+1.05125597E-03
+502.00E-09,+1.09145697E-03
+503.00E-09,+1.09145697E-03
+504.00E-09,+1.09145697E-03
+505.00E-09,+2.33768811E-03
+506.00E-09,+2.33768811E-03
+507.00E-09,+2.33768811E-03
+508.00E-09,+2.37788912E-03
+509.00E-09,+2.98090419E-03
+510.00E-09,+3.02110519E-03
+511.00E-09,+2.37788912E-03
+512.00E-09,+3.62412026E-03
+513.00E-09,+4.30753734E-03
+514.00E-09,+4.26733634E-03
+515.00E-09,+4.30753734E-03
+516.00E-09,+4.30753734E-03
+517.00E-09,+4.30753734E-03
+518.00E-09,+4.91055241E-03
+519.00E-09,+4.95075341E-03
+520.00E-09,+4.91055241E-03
+521.00E-09,+5.55376848E-03
+522.00E-09,+6.19698456E-03
+523.00E-09,+6.23718556E-03
+524.00E-09,+6.23718556E-03
+525.00E-09,+6.23718556E-03
+526.00E-09,+6.23718556E-03
+527.00E-09,+5.59396949E-03
+528.00E-09,+6.19698456E-03
+529.00E-09,+7.48341670E-03
+530.00E-09,+6.88040163E-03
+531.00E-09,+7.52361771E-03
+532.00E-09,+7.52361771E-03
+533.00E-09,+6.88040163E-03
+534.00E-09,+7.48341670E-03
+535.00E-09,+6.88040163E-03
+536.00E-09,+6.88040163E-03
+537.00E-09,+6.88040163E-03
+538.00E-09,+7.48341670E-03
+539.00E-09,+6.88040163E-03
+540.00E-09,+7.52361771E-03
+541.00E-09,+6.88040163E-03
+542.00E-09,+6.88040163E-03
+543.00E-09,+6.23718556E-03
+544.00E-09,+6.84020063E-03
+545.00E-09,+6.88040163E-03
+546.00E-09,+7.48341670E-03
+547.00E-09,+7.48341670E-03
+548.00E-09,+6.88040163E-03
+549.00E-09,+6.23718556E-03
+550.00E-09,+5.59396949E-03
+551.00E-09,+4.95075341E-03
+552.00E-09,+5.55376848E-03
+553.00E-09,+5.59396949E-03
+554.00E-09,+4.95075341E-03
+555.00E-09,+5.55376848E-03
+556.00E-09,+4.95075341E-03
+557.00E-09,+4.30753734E-03
+558.00E-09,+3.66432127E-03
+559.00E-09,+3.02110519E-03
+560.00E-09,+3.66432127E-03
+561.00E-09,+3.02110519E-03
+562.00E-09,+2.37788912E-03
+563.00E-09,+2.98090419E-03
+564.00E-09,+2.98090419E-03
+565.00E-09,+2.33768811E-03
+566.00E-09,+1.73467305E-03
+567.00E-09,+448.24090E-06
+568.00E-09,+1.05125597E-03
+569.00E-09,+448.24090E-06
+570.00E-09,+1.05125597E-03
+571.00E-09,-194.97517E-06
+572.00E-09,-838.19125E-06
+573.00E-09,-838.19125E-06
+574.00E-09,-1.48140732E-03
+575.00E-09,-2.76783947E-03
+576.00E-09,-2.76783947E-03
+577.00E-09,-2.76783947E-03
+578.00E-09,-3.41105554E-03
+579.00E-09,-3.41105554E-03
+580.00E-09,-4.05427162E-03
+581.00E-09,-4.69748769E-03
+582.00E-09,-5.34070376E-03
+583.00E-09,-6.62713591E-03
+584.00E-09,-6.62713591E-03
+585.00E-09,-6.62713591E-03
+586.00E-09,-6.62713591E-03
+587.00E-09,-7.91356806E-03
+588.00E-09,-7.91356806E-03
+589.00E-09,-7.95376906E-03
+590.00E-09,-9.20000020E-03
+591.00E-09,-9.20000020E-03
+592.00E-09,-9.84321628E-03
+593.00E-09,-9.84321628E-03
+594.00E-09,-10.48643235E-03
+595.00E-09,-11.12964842E-03
+596.00E-09,-11.73266349E-03
+597.00E-09,-11.77286450E-03
+598.00E-09,-11.77286450E-03
+599.00E-09,-13.01909564E-03
+600.00E-09,-12.41608057E-03
+601.00E-09,-11.77286450E-03
+602.00E-09,-11.77286450E-03
+603.00E-09,-13.66231171E-03
+604.00E-09,-13.70251272E-03
+605.00E-09,-14.34572879E-03
+606.00E-09,-14.34572879E-03
+607.00E-09,-15.59195993E-03
+608.00E-09,-15.63216094E-03
+609.00E-09,-15.63216094E-03
+610.00E-09,-15.63216094E-03
+611.00E-09,-15.63216094E-03
+612.00E-09,-16.23517601E-03
+613.00E-09,-16.27537701E-03
+614.00E-09,-16.91859309E-03
+615.00E-09,-17.52160816E-03
+616.00E-09,-18.20502523E-03
+617.00E-09,-17.56180916E-03
+618.00E-09,-18.16482423E-03
+619.00E-09,-18.20502523E-03
+620.00E-09,-18.84824131E-03
+621.00E-09,-19.49145738E-03
+622.00E-09,-19.49145738E-03
+623.00E-09,-20.13467345E-03
+624.00E-09,-20.13467345E-03
+625.00E-09,-19.49145738E-03
+626.00E-09,-20.13467345E-03
+627.00E-09,-20.77788953E-03
+628.00E-09,-20.77788953E-03
+629.00E-09,-21.42110560E-03
+630.00E-09,-21.42110560E-03
+631.00E-09,-22.06432167E-03
+632.00E-09,-22.06432167E-03
+633.00E-09,-22.70753775E-03
+634.00E-09,-22.70753775E-03
+635.00E-09,-22.70753775E-03
+636.00E-09,-23.31055282E-03
+637.00E-09,-23.35075382E-03
+638.00E-09,-23.99396989E-03
+639.00E-09,-23.99396989E-03
+640.00E-09,-24.63718597E-03
+641.00E-09,-23.99396989E-03
+642.00E-09,-23.99396989E-03
+643.00E-09,-23.99396989E-03
+644.00E-09,-25.24020104E-03
+645.00E-09,-25.92361812E-03
+646.00E-09,-26.52663318E-03
+647.00E-09,-26.52663318E-03
+648.00E-09,-26.56683419E-03
+649.00E-09,-25.92361812E-03
+650.00E-09,-26.56683419E-03
+651.00E-09,-26.56683419E-03
+652.00E-09,-27.81306533E-03
+653.00E-09,-27.85326634E-03
+654.00E-09,-27.85326634E-03
+655.00E-09,-29.09949748E-03
+656.00E-09,-27.85326634E-03
+657.00E-09,-28.49648241E-03
+658.00E-09,-28.49648241E-03
+659.00E-09,-28.49648241E-03
+660.00E-09,-29.09949748E-03
+661.00E-09,-29.13969848E-03
+662.00E-09,-29.13969848E-03
+663.00E-09,-29.74271355E-03
+664.00E-09,-28.49648241E-03
+665.00E-09,-28.49648241E-03
+666.00E-09,-28.49648241E-03
+667.00E-09,-29.13969848E-03
+668.00E-09,-28.49648241E-03
+669.00E-09,-29.13969848E-03
+670.00E-09,-29.13969848E-03
+671.00E-09,-29.09949748E-03
+672.00E-09,-28.49648241E-03
+673.00E-09,-27.85326634E-03
+674.00E-09,-27.21005026E-03
+675.00E-09,-27.21005026E-03
+676.00E-09,-26.56683419E-03
+677.00E-09,-26.56683419E-03
+678.00E-09,-27.21005026E-03
+679.00E-09,-27.21005026E-03
+680.00E-09,-26.56683419E-03
+681.00E-09,-25.92361812E-03
+682.00E-09,-25.28040204E-03
+683.00E-09,-25.28040204E-03
+684.00E-09,-24.63718597E-03
+685.00E-09,-23.99396989E-03
+686.00E-09,-24.63718597E-03
+687.00E-09,-24.59698496E-03
+688.00E-09,-23.35075382E-03
+689.00E-09,-22.70753775E-03
+690.00E-09,-22.06432167E-03
+691.00E-09,-22.70753775E-03
+692.00E-09,-22.06432167E-03
+693.00E-09,-21.42110560E-03
+694.00E-09,-20.77788953E-03
+695.00E-09,-20.77788953E-03
+696.00E-09,-20.13467345E-03
+697.00E-09,-18.20502523E-03
+698.00E-09,-18.20502523E-03
+699.00E-09,-17.56180916E-03
+700.00E-09,-18.16482423E-03
+701.00E-09,-16.91859309E-03
+702.00E-09,-16.91859309E-03
+703.00E-09,-16.91859309E-03
+704.00E-09,-15.63216094E-03
+705.00E-09,-14.34572879E-03
+706.00E-09,-14.34572879E-03
+707.00E-09,-13.70251272E-03
+708.00E-09,-13.70251272E-03
+709.00E-09,-13.05929665E-03
+710.00E-09,-13.05929665E-03
+711.00E-09,-13.70251272E-03
+712.00E-09,-13.05929665E-03
+713.00E-09,-11.77286450E-03
+714.00E-09,-11.77286450E-03
+715.00E-09,-10.48643235E-03
+716.00E-09,-10.48643235E-03
+717.00E-09,-9.84321628E-03
+718.00E-09,-9.84321628E-03
+719.00E-09,-9.84321628E-03
+720.00E-09,-9.20000020E-03
+721.00E-09,-8.59698514E-03
+722.00E-09,-8.55678413E-03
+723.00E-09,-7.91356806E-03
+724.00E-09,-7.27035198E-03
+725.00E-09,-7.91356806E-03
+726.00E-09,-6.66733691E-03
+727.00E-09,-7.27035198E-03
+728.00E-09,-6.66733691E-03
+729.00E-09,-5.98391984E-03
+730.00E-09,-4.73768869E-03
+731.00E-09,-4.73768869E-03
+732.00E-09,-4.09447262E-03
+733.00E-09,-4.09447262E-03
+734.00E-09,-4.69748769E-03
+735.00E-09,-4.69748769E-03
+736.00E-09,-4.09447262E-03
+737.00E-09,-3.41105554E-03
+738.00E-09,-3.41105554E-03
+739.00E-09,-2.76783947E-03
+740.00E-09,-2.16482440E-03
+741.00E-09,-2.12462340E-03
+742.00E-09,-1.52160833E-03
+743.00E-09,-2.12462340E-03
+744.00E-09,-1.52160833E-03
+745.00E-09,-878.39225E-06
+746.00E-09,-878.39225E-06
+747.00E-09,-838.19125E-06
+748.00E-09,+408.03989E-06
+749.00E-09,-194.97517E-06
+750.00E-09,+408.03989E-06
+751.00E-09,-194.97517E-06
+752.00E-09,+1.05125597E-03
+753.00E-09,+1.69447204E-03
+754.00E-09,+2.33768811E-03
+755.00E-09,+2.37788912E-03
+756.00E-09,+1.73467305E-03
+757.00E-09,+2.33768811E-03
+758.00E-09,+2.33768811E-03
+759.00E-09,+2.37788912E-03
+760.00E-09,+2.37788912E-03
+761.00E-09,+3.02110519E-03
+762.00E-09,+3.62412026E-03
+763.00E-09,+4.30753734E-03
+764.00E-09,+4.30753734E-03
+765.00E-09,+4.30753734E-03
+766.00E-09,+4.30753734E-03
+767.00E-09,+4.30753734E-03
+768.00E-09,+4.91055241E-03
+769.00E-09,+5.55376848E-03
+770.00E-09,+5.55376848E-03
+771.00E-09,+5.55376848E-03
+772.00E-09,+5.59396949E-03
+773.00E-09,+4.95075341E-03
+774.00E-09,+5.55376848E-03
+775.00E-09,+4.95075341E-03
+776.00E-09,+5.55376848E-03
+777.00E-09,+6.19698456E-03
+778.00E-09,+5.59396949E-03
+779.00E-09,+6.19698456E-03
+780.00E-09,+6.19698456E-03
+781.00E-09,+5.59396949E-03
+782.00E-09,+5.59396949E-03
+783.00E-09,+5.59396949E-03
+784.00E-09,+5.59396949E-03
+785.00E-09,+5.59396949E-03
+786.00E-09,+5.59396949E-03
+787.00E-09,+5.59396949E-03
+788.00E-09,+5.59396949E-03
+789.00E-09,+5.59396949E-03
+790.00E-09,+4.95075341E-03
+791.00E-09,+4.30753734E-03
+792.00E-09,+4.95075341E-03
+793.00E-09,+4.91055241E-03
+794.00E-09,+4.30753734E-03
+795.00E-09,+4.30753734E-03
+796.00E-09,+4.30753734E-03
+797.00E-09,+4.30753734E-03
+798.00E-09,+3.66432127E-03
+799.00E-09,+2.37788912E-03
+800.00E-09,+2.98090419E-03
+801.00E-09,+2.37788912E-03
+802.00E-09,+2.33768811E-03
+803.00E-09,+1.73467305E-03
+804.00E-09,+1.73467305E-03
+805.00E-09,+1.69447204E-03
+806.00E-09,+1.09145697E-03
+807.00E-09,+448.24090E-06
+808.00E-09,+448.24090E-06
+809.00E-09,+448.24090E-06
+810.00E-09,+408.03989E-06
+811.00E-09,-838.19125E-06
+812.00E-09,-838.19125E-06
+813.00E-09,-1.48140732E-03
+814.00E-09,-1.52160833E-03
+815.00E-09,-2.76783947E-03
+816.00E-09,-3.41105554E-03
+817.00E-09,-2.76783947E-03
+818.00E-09,-3.41105554E-03
+819.00E-09,-4.05427162E-03
+820.00E-09,-4.05427162E-03
+821.00E-09,-4.69748769E-03
+822.00E-09,-5.34070376E-03
+823.00E-09,-5.98391984E-03
+824.00E-09,-5.98391984E-03
+825.00E-09,-6.62713591E-03
+826.00E-09,-7.27035198E-03
+827.00E-09,-7.27035198E-03
+828.00E-09,-7.91356806E-03
+829.00E-09,-7.95376906E-03
+830.00E-09,-8.55678413E-03
+831.00E-09,-9.80301527E-03
+832.00E-09,-9.84321628E-03
+833.00E-09,-9.20000020E-03
+834.00E-09,-10.48643235E-03
+835.00E-09,-9.84321628E-03
+836.00E-09,-10.48643235E-03
+837.00E-09,-11.12964842E-03
+838.00E-09,-11.73266349E-03
+839.00E-09,-13.01909564E-03
+840.00E-09,-12.41608057E-03
+841.00E-09,-12.41608057E-03
+842.00E-09,-12.41608057E-03
+843.00E-09,-13.05929665E-03
+844.00E-09,-13.05929665E-03
+845.00E-09,-13.70251272E-03
+846.00E-09,-14.94874386E-03
+847.00E-09,-15.63216094E-03
+848.00E-09,-14.98894487E-03
+849.00E-09,-15.59195993E-03
+850.00E-09,-15.63216094E-03
+851.00E-09,-16.23517601E-03
+852.00E-09,-16.27537701E-03
+853.00E-09,-16.27537701E-03
+854.00E-09,-16.27537701E-03
+855.00E-09,-17.52160816E-03
+856.00E-09,-16.91859309E-03
+857.00E-09,-16.91859309E-03
+858.00E-09,-17.56180916E-03
+859.00E-09,-17.56180916E-03
+860.00E-09,-17.56180916E-03
+861.00E-09,-18.20502523E-03
+862.00E-09,-18.84824131E-03
+863.00E-09,-20.09447245E-03
+864.00E-09,-19.49145738E-03
+865.00E-09,-18.84824131E-03
+866.00E-09,-19.49145738E-03
+867.00E-09,-19.49145738E-03
+868.00E-09,-20.13467345E-03
+869.00E-09,-20.77788953E-03
+870.00E-09,-20.77788953E-03
+871.00E-09,-20.77788953E-03
+872.00E-09,-20.77788953E-03
+873.00E-09,-21.42110560E-03
+874.00E-09,-22.02412067E-03
+875.00E-09,-22.02412067E-03
+876.00E-09,-22.06432167E-03
+877.00E-09,-22.06432167E-03
+878.00E-09,-22.66733674E-03
+879.00E-09,-23.31055282E-03
+880.00E-09,-23.35075382E-03
+881.00E-09,-23.35075382E-03
+882.00E-09,-23.95376889E-03
+883.00E-09,-23.99396989E-03
+884.00E-09,-24.59698496E-03
+885.00E-09,-24.63718597E-03
+886.00E-09,-25.28040204E-03
+887.00E-09,-25.88341711E-03
+888.00E-09,-25.28040204E-03
+889.00E-09,-25.24020104E-03
+890.00E-09,-25.24020104E-03
+891.00E-09,-25.24020104E-03
+892.00E-09,-25.88341711E-03
+893.00E-09,-26.56683419E-03
+894.00E-09,-27.16984926E-03
+895.00E-09,-27.21005026E-03
+896.00E-09,-27.21005026E-03
+897.00E-09,-27.16984926E-03
+898.00E-09,-26.56683419E-03
+899.00E-09,-26.56683419E-03
+900.00E-09,-26.56683419E-03
+901.00E-09,-27.21005026E-03
+902.00E-09,-26.56683419E-03
+903.00E-09,-27.81306533E-03
+904.00E-09,-27.85326634E-03
+905.00E-09,-27.21005026E-03
+906.00E-09,-27.21005026E-03
+907.00E-09,-27.21005026E-03
+908.00E-09,-26.56683419E-03
+909.00E-09,-26.56683419E-03
+910.00E-09,-27.21005026E-03
+911.00E-09,-27.16984926E-03
+912.00E-09,-26.56683419E-03
+913.00E-09,-25.28040204E-03
+914.00E-09,-25.28040204E-03
+915.00E-09,-25.28040204E-03
+916.00E-09,-25.24020104E-03
+917.00E-09,-25.28040204E-03
+918.00E-09,-24.63718597E-03
+919.00E-09,-24.63718597E-03
+920.00E-09,-23.99396989E-03
+921.00E-09,-23.35075382E-03
+922.00E-09,-22.70753775E-03
+923.00E-09,-23.31055282E-03
+924.00E-09,-22.70753775E-03
+925.00E-09,-22.70753775E-03
+926.00E-09,-22.06432167E-03
+927.00E-09,-22.06432167E-03
+928.00E-09,-21.42110560E-03
+929.00E-09,-20.77788953E-03
+930.00E-09,-19.49145738E-03
+931.00E-09,-19.49145738E-03
+932.00E-09,-19.49145738E-03
+933.00E-09,-18.84824131E-03
+934.00E-09,-17.56180916E-03
+935.00E-09,-18.16482423E-03
+936.00E-09,-16.91859309E-03
+937.00E-09,-16.91859309E-03
+938.00E-09,-15.63216094E-03
+939.00E-09,-15.63216094E-03
+940.00E-09,-14.98894487E-03
+941.00E-09,-14.34572879E-03
+942.00E-09,-13.70251272E-03
+943.00E-09,-13.70251272E-03
+944.00E-09,-13.05929665E-03
+945.00E-09,-11.77286450E-03
+946.00E-09,-11.77286450E-03
+947.00E-09,-11.73266349E-03
+948.00E-09,-10.48643235E-03
+949.00E-09,-9.84321628E-03
+950.00E-09,-9.84321628E-03
+951.00E-09,-10.44623135E-03
+952.00E-09,-9.80301527E-03
+953.00E-09,-8.59698514E-03
+954.00E-09,-8.59698514E-03
+955.00E-09,-7.91356806E-03
+956.00E-09,-7.31055299E-03
+957.00E-09,-7.27035198E-03
+958.00E-09,-6.62713591E-03
+959.00E-09,-7.27035198E-03
+960.00E-09,-5.38090477E-03
+961.00E-09,-4.73768869E-03
+962.00E-09,-4.09447262E-03
+963.00E-09,-4.09447262E-03
+964.00E-09,-3.45125655E-03
+965.00E-09,-4.05427162E-03
+966.00E-09,-3.45125655E-03
+967.00E-09,-4.05427162E-03
+968.00E-09,-2.80804047E-03
+969.00E-09,-1.52160833E-03
+970.00E-09,-1.52160833E-03
+971.00E-09,-1.48140732E-03
+972.00E-09,-235.17618E-06
+973.00E-09,-235.17618E-06
+974.00E-09,+408.03989E-06
+975.00E-09,-194.97517E-06
+976.00E-09,+448.24090E-06
+977.00E-09,+1.69447204E-03
+978.00E-09,+1.69447204E-03
+979.00E-09,+2.33768811E-03
+980.00E-09,+2.33768811E-03
+981.00E-09,+2.33768811E-03
+982.00E-09,+2.37788912E-03
+983.00E-09,+2.37788912E-03
+984.00E-09,+3.02110519E-03
+985.00E-09,+3.66432127E-03
+986.00E-09,+3.66432127E-03
+987.00E-09,+4.30753734E-03
+988.00E-09,+4.91055241E-03
+989.00E-09,+4.95075341E-03
+990.00E-09,+4.30753734E-03
+991.00E-09,+4.30753734E-03
+992.00E-09,+4.95075341E-03
+993.00E-09,+6.84020063E-03
+994.00E-09,+6.23718556E-03
+995.00E-09,+6.88040163E-03
+996.00E-09,+7.48341670E-03
+997.00E-09,+6.88040163E-03
+998.00E-09,+6.88040163E-03
+999.00E-09,+6.23718556E-03
+1.00000E-06,+6.88040163E-03
+1.00100E-06,+8.12663278E-03
+1.00200E-06,+8.76984885E-03
+1.00300E-06,+8.16683378E-03
+1.00400E-06,+9.41306492E-03
+1.00500E-06,+9.41306492E-03
+1.00600E-06,+9.45326593E-03
+1.00700E-06,+9.45326593E-03
+1.00800E-06,+9.45326593E-03
+1.00900E-06,+10.09648200E-03
+1.01000E-06,+10.05628100E-03
+1.01100E-06,+10.09648200E-03
+1.01200E-06,+10.09648200E-03
+1.01300E-06,+10.09648200E-03
+1.01400E-06,+10.69949707E-03
+1.01500E-06,+10.73969807E-03
+1.01600E-06,+10.73969807E-03
+1.01700E-06,+11.34271314E-03
+1.01800E-06,+11.34271314E-03
+1.01900E-06,+11.38291415E-03
+1.02000E-06,+11.38291415E-03
+1.02100E-06,+11.34271314E-03
+1.02200E-06,+11.38291415E-03
+1.02300E-06,+10.73969807E-03
+1.02400E-06,+10.73969807E-03
+1.02500E-06,+11.34271314E-03
+1.02600E-06,+10.73969807E-03
+1.02700E-06,+10.73969807E-03
+1.02800E-06,+10.73969807E-03
+1.02900E-06,+10.05628100E-03
+1.03000E-06,+10.09648200E-03
+1.03100E-06,+9.45326593E-03
+1.03200E-06,+10.69949707E-03
+1.03300E-06,+10.69949707E-03
+1.03400E-06,+10.05628100E-03
+1.03500E-06,+10.09648200E-03
+1.03600E-06,+10.09648200E-03
+1.03700E-06,+9.41306492E-03
+1.03800E-06,+9.45326593E-03
+1.03900E-06,+8.16683378E-03
+1.04000E-06,+8.81004985E-03
+1.04100E-06,+8.81004985E-03
+1.04200E-06,+8.81004985E-03
+1.04300E-06,+8.81004985E-03
+1.04400E-06,+8.16683378E-03
+1.04500E-06,+7.52361771E-03
+1.04600E-06,+7.52361771E-03
+1.04700E-06,+6.23718556E-03
+1.04800E-06,+6.88040163E-03
+1.04900E-06,+6.23718556E-03
+1.05000E-06,+5.59396949E-03
+1.05100E-06,+5.59396949E-03
+1.05200E-06,+4.95075341E-03
+1.05300E-06,+4.91055241E-03
+1.05400E-06,+4.30753734E-03
+1.05500E-06,+3.02110519E-03
+1.05600E-06,+3.66432127E-03
+1.05700E-06,+3.02110519E-03
+1.05800E-06,+3.02110519E-03
+1.05900E-06,+3.02110519E-03
+1.06000E-06,+2.37788912E-03
+1.06100E-06,+1.73467305E-03
+1.06200E-06,+1.09145697E-03
+1.06300E-06,+448.24090E-06
+1.06400E-06,+448.24090E-06
+1.06500E-06,+448.24090E-06
+1.06600E-06,-194.97517E-06
+1.06700E-06,-838.19125E-06
+1.06800E-06,-838.19125E-06
+1.06900E-06,-1.48140732E-03
+1.07000E-06,-2.12462340E-03
+1.07100E-06,-3.41105554E-03
+1.07200E-06,-2.76783947E-03
+1.07300E-06,-2.80804047E-03
+1.07400E-06,-3.45125655E-03
+1.07500E-06,-4.05427162E-03
+1.07600E-06,-4.05427162E-03
+1.07700E-06,-4.05427162E-03
+1.07800E-06,-5.34070376E-03
+1.07900E-06,-5.98391984E-03
+1.08000E-06,-5.38090477E-03
+1.08100E-06,-5.98391984E-03
+1.08200E-06,-5.98391984E-03
+1.08300E-06,-6.62713591E-03
+1.08400E-06,-6.02412084E-03
+1.08500E-06,-7.27035198E-03
+1.08600E-06,-7.91356806E-03
+1.08700E-06,-8.55678413E-03
+1.08800E-06,-8.59698514E-03
+1.08900E-06,-8.55678413E-03
+1.09000E-06,-8.55678413E-03
+1.09100E-06,-9.20000020E-03
+1.09200E-06,-8.59698514E-03
+1.09300E-06,-9.20000020E-03
+1.09400E-06,-9.20000020E-03
+1.09500E-06,-10.44623135E-03
+1.09600E-06,-10.48643235E-03
+1.09700E-06,-10.48643235E-03
+1.09800E-06,-10.48643235E-03
+1.09900E-06,-10.48643235E-03
+1.10000E-06,-11.73266349E-03
+1.10100E-06,-11.12964842E-03
+1.10200E-06,-11.77286450E-03
+1.10300E-06,-13.01909564E-03
+1.10400E-06,-12.41608057E-03
+1.10500E-06,-11.77286450E-03
+1.10600E-06,-12.41608057E-03
+1.10700E-06,-12.41608057E-03
+1.10800E-06,-13.01909564E-03
+1.10900E-06,-13.70251272E-03
+1.11000E-06,-14.30552779E-03
+1.11100E-06,-14.34572879E-03
+1.11200E-06,-13.70251272E-03
+1.11300E-06,-13.70251272E-03
+1.11400E-06,-13.70251272E-03
+1.11500E-06,-14.94874386E-03
+1.11600E-06,-14.34572879E-03
+1.11700E-06,-14.98894487E-03
+1.11800E-06,-14.98894487E-03
+1.11900E-06,-16.23517601E-03
+1.12000E-06,-16.27537701E-03
+1.12100E-06,-15.63216094E-03
+1.12200E-06,-15.63216094E-03
+1.12300E-06,-16.23517601E-03
+1.12400E-06,-16.27537701E-03
+1.12500E-06,-16.91859309E-03
+1.12600E-06,-17.52160816E-03
+1.12700E-06,-17.52160816E-03
+1.12800E-06,-17.56180916E-03
+1.12900E-06,-17.56180916E-03
+1.13000E-06,-17.56180916E-03
+1.13100E-06,-18.20502523E-03
+1.13200E-06,-18.80804030E-03
+1.13300E-06,-18.84824131E-03
+1.13400E-06,-19.49145738E-03
+1.13500E-06,-20.13467345E-03
+1.13600E-06,-20.13467345E-03
+1.13700E-06,-18.84824131E-03
+1.13800E-06,-19.45125638E-03
+1.13900E-06,-19.49145738E-03
+1.14000E-06,-19.49145738E-03
+1.14100E-06,-19.49145738E-03
+1.14200E-06,-19.49145738E-03
+1.14300E-06,-20.09447245E-03
+1.14400E-06,-19.49145738E-03
+1.14500E-06,-18.84824131E-03
+1.14600E-06,-19.49145738E-03
+1.14700E-06,-19.49145738E-03
+1.14800E-06,-18.84824131E-03
+1.14900E-06,-18.84824131E-03
+1.15000E-06,-19.45125638E-03
+1.15100E-06,-19.45125638E-03
+1.15200E-06,-18.84824131E-03
+1.15300E-06,-18.84824131E-03
+1.15400E-06,-18.20502523E-03
+1.15500E-06,-17.56180916E-03
+1.15600E-06,-17.56180916E-03
+1.15700E-06,-17.56180916E-03
+1.15800E-06,-17.56180916E-03
+1.15900E-06,-18.16482423E-03
+1.16000E-06,-16.91859309E-03
+1.16100E-06,-16.27537701E-03
+1.16200E-06,-15.63216094E-03
+1.16300E-06,-15.63216094E-03
+1.16400E-06,-14.98894487E-03
+1.16500E-06,-14.98894487E-03
+1.16600E-06,-14.94874386E-03
+1.16700E-06,-14.94874386E-03
+1.16800E-06,-14.34572879E-03
+1.16900E-06,-13.70251272E-03
+1.17000E-06,-13.05929665E-03
+1.17100E-06,-12.41608057E-03
+1.17200E-06,-12.37587957E-03
+1.17300E-06,-11.12964842E-03
+1.17400E-06,-11.73266349E-03
+1.17500E-06,-11.73266349E-03
+1.17600E-06,-10.48643235E-03
+1.17700E-06,-9.84321628E-03
+1.17800E-06,-9.20000020E-03
+1.17900E-06,-9.20000020E-03
+1.18000E-06,-7.91356806E-03
+1.18100E-06,-7.95376906E-03
+1.18200E-06,-6.66733691E-03
+1.18300E-06,-7.27035198E-03
+1.18400E-06,-6.02412084E-03
+1.18500E-06,-4.73768869E-03
+1.18600E-06,-4.73768869E-03
+1.18700E-06,-4.69748769E-03
+1.18800E-06,-4.05427162E-03
+1.18900E-06,-4.05427162E-03
+1.19000E-06,-2.80804047E-03
+1.19100E-06,-2.76783947E-03
+1.19200E-06,-2.12462340E-03
+1.19300E-06,-1.52160833E-03
+1.19400E-06,-878.39225E-06
+1.19500E-06,-838.19125E-06
+1.19600E-06,+408.03989E-06
+1.19700E-06,+408.03989E-06
+1.19800E-06,+1.05125597E-03
+1.19900E-06,+448.24090E-06
+1.20000E-06,+1.09145697E-03
+1.20100E-06,+2.33768811E-03
+1.20200E-06,+2.37788912E-03
+1.20300E-06,+2.98090419E-03
+1.20400E-06,+2.37788912E-03
+1.20500E-06,+3.02110519E-03
+1.20600E-06,+3.02110519E-03
+1.20700E-06,+3.02110519E-03
+1.20800E-06,+4.91055241E-03
+1.20900E-06,+5.55376848E-03
+1.21000E-06,+6.19698456E-03
+1.21100E-06,+6.23718556E-03
+1.21200E-06,+6.88040163E-03
+1.21300E-06,+6.23718556E-03
+1.21400E-06,+6.23718556E-03
+1.21500E-06,+6.23718556E-03
+1.21600E-06,+6.88040163E-03
+1.21700E-06,+8.12663278E-03
+1.21800E-06,+8.12663278E-03
+1.21900E-06,+8.81004985E-03
+1.22000E-06,+8.81004985E-03
+1.22100E-06,+9.41306492E-03
+1.22200E-06,+9.45326593E-03
+1.22300E-06,+9.45326593E-03
+1.22400E-06,+10.09648200E-03
+1.22500E-06,+10.73969807E-03
+1.22600E-06,+11.34271314E-03
+1.22700E-06,+11.98592922E-03
+1.22800E-06,+11.38291415E-03
+1.22900E-06,+11.98592922E-03
+1.23000E-06,+11.38291415E-03
+1.23100E-06,+12.02613022E-03
+1.23200E-06,+12.62914529E-03
+1.23300E-06,+13.31256237E-03
+1.23400E-06,+13.27236136E-03
+1.23500E-06,+13.91557744E-03
+1.23600E-06,+13.95577844E-03
+1.23700E-06,+13.91557744E-03
+1.23800E-06,+14.55879351E-03
+1.23900E-06,+13.95577844E-03
+1.24000E-06,+14.59899452E-03
+1.24100E-06,+15.24221059E-03
+1.24200E-06,+15.84522566E-03
+1.24300E-06,+16.48844173E-03
+1.24400E-06,+16.52864274E-03
+1.24500E-06,+16.48844173E-03
+1.24600E-06,+15.88542666E-03
+1.24700E-06,+15.88542666E-03
+1.24800E-06,+16.48844173E-03
+1.24900E-06,+17.13165781E-03
+1.25000E-06,+17.17185881E-03
+1.25100E-06,+17.77487388E-03
+1.25200E-06,+17.81507488E-03
+1.25300E-06,+17.81507488E-03
+1.25400E-06,+17.81507488E-03
+1.25500E-06,+17.81507488E-03
+1.25600E-06,+17.81507488E-03
+1.25700E-06,+18.41808995E-03
+1.25800E-06,+17.81507488E-03
+1.25900E-06,+19.10150703E-03
+1.26000E-06,+19.10150703E-03
+1.26100E-06,+18.45829096E-03
+1.26200E-06,+17.81507488E-03
+1.26300E-06,+17.81507488E-03
+1.26400E-06,+17.81507488E-03
+1.26500E-06,+18.41808995E-03
+1.26600E-06,+18.41808995E-03
+1.26700E-06,+19.06130603E-03
+1.26800E-06,+18.45829096E-03
+1.26900E-06,+17.81507488E-03
+1.27000E-06,+17.17185881E-03
+1.27100E-06,+17.17185881E-03
+1.27200E-06,+17.13165781E-03
+1.27300E-06,+17.17185881E-03
+1.27400E-06,+17.13165781E-03
+1.27500E-06,+16.48844173E-03
+1.27600E-06,+16.52864274E-03
+1.27700E-06,+15.88542666E-03
+1.27800E-06,+15.88542666E-03
+1.27900E-06,+14.59899452E-03
+1.28000E-06,+15.24221059E-03
+1.28100E-06,+15.24221059E-03
+1.28200E-06,+14.59899452E-03
+1.28300E-06,+14.59899452E-03
+1.28400E-06,+14.59899452E-03
+1.28500E-06,+15.20200958E-03
+1.28600E-06,+13.95577844E-03
+1.28700E-06,+13.31256237E-03
+1.28800E-06,+13.31256237E-03
+1.28900E-06,+13.27236136E-03
+1.29000E-06,+13.27236136E-03
+1.29100E-06,+12.66934630E-03
+1.29200E-06,+12.62914529E-03
+1.29300E-06,+11.38291415E-03
+1.29400E-06,+11.38291415E-03
+1.29500E-06,+10.09648200E-03
+1.29600E-06,+10.09648200E-03
+1.29700E-06,+10.09648200E-03
+1.29800E-06,+10.69949707E-03
+1.29900E-06,+9.45326593E-03
+1.30000E-06,+8.81004985E-03
+1.30100E-06,+8.12663278E-03
+1.30200E-06,+7.52361771E-03
+1.30300E-06,+6.88040163E-03
+1.30400E-06,+6.88040163E-03
+1.30500E-06,+6.84020063E-03
+1.30600E-06,+6.19698456E-03
+1.30700E-06,+6.23718556E-03
+1.30800E-06,+6.19698456E-03
+1.30900E-06,+4.95075341E-03
+1.31000E-06,+4.30753734E-03
+1.31100E-06,+3.02110519E-03
+1.31200E-06,+3.02110519E-03
+1.31300E-06,+3.02110519E-03
+1.31400E-06,+2.98090419E-03
+1.31500E-06,+3.02110519E-03
+1.31600E-06,+2.37788912E-03
+1.31700E-06,+1.69447204E-03
+1.31800E-06,+1.09145697E-03
+1.31900E-06,+448.24090E-06
+1.32000E-06,+408.03989E-06
+1.32100E-06,+448.24090E-06
+1.32200E-06,+408.03989E-06
+1.32300E-06,-194.97517E-06
+1.32400E-06,+448.24090E-06
+1.32500E-06,-838.19125E-06
+1.32600E-06,-878.39225E-06
+1.32700E-06,-2.76783947E-03
+1.32800E-06,-2.16482440E-03
+1.32900E-06,-2.12462340E-03
+1.33000E-06,-2.76783947E-03
+1.33100E-06,-2.76783947E-03
+1.33200E-06,-2.16482440E-03
+1.33300E-06,-3.41105554E-03
+1.33400E-06,-4.69748769E-03
+1.33500E-06,-4.69748769E-03
+1.33600E-06,-4.69748769E-03
+1.33700E-06,-4.69748769E-03
+1.33800E-06,-5.34070376E-03
+1.33900E-06,-5.34070376E-03
+1.34000E-06,-5.98391984E-03
+1.34100E-06,-6.02412084E-03
+1.34200E-06,-6.02412084E-03
+1.34300E-06,-7.27035198E-03
+1.34400E-06,-6.66733691E-03
+1.34500E-06,-7.27035198E-03
+1.34600E-06,-7.27035198E-03
+1.34700E-06,-7.91356806E-03
+1.34800E-06,-7.91356806E-03
+1.34900E-06,-8.59698514E-03
+1.35000E-06,-9.20000020E-03
+1.35100E-06,-9.20000020E-03
+1.35200E-06,-8.59698514E-03
+1.35300E-06,-8.55678413E-03
+1.35400E-06,-8.59698514E-03
+1.35500E-06,-9.20000020E-03
+1.35600E-06,-9.80301527E-03
+1.35700E-06,-9.84321628E-03
+1.35800E-06,-11.08944742E-03
+1.35900E-06,-11.08944742E-03
+1.36000E-06,-10.48643235E-03
+1.36100E-06,-11.12964842E-03
+1.36200E-06,-11.12964842E-03
+1.36300E-06,-11.12964842E-03
+1.36400E-06,-11.12964842E-03
+1.36500E-06,-11.12964842E-03
+1.36600E-06,-11.77286450E-03
+1.36700E-06,-13.01909564E-03
+1.36800E-06,-13.01909564E-03
+1.36900E-06,-13.01909564E-03
+1.37000E-06,-13.01909564E-03
+1.37100E-06,-13.66231171E-03
+1.37200E-06,-13.05929665E-03
+1.37300E-06,-13.70251272E-03
+1.37400E-06,-14.34572879E-03
+1.37500E-06,-14.94874386E-03
+1.37600E-06,-14.34572879E-03
+1.37700E-06,-14.34572879E-03
+1.37800E-06,-14.94874386E-03
+1.37900E-06,-14.34572879E-03
+1.38000E-06,-14.34572879E-03
+1.38100E-06,-14.98894487E-03
+1.38200E-06,-15.63216094E-03
+1.38300E-06,-16.23517601E-03
+1.38400E-06,-15.63216094E-03
+1.38500E-06,-14.98894487E-03
+1.38600E-06,-14.98894487E-03
+1.38700E-06,-14.98894487E-03
+1.38800E-06,-14.34572879E-03
+1.38900E-06,-14.98894487E-03
+1.39000E-06,-14.34572879E-03
+1.39100E-06,-14.94874386E-03
+1.39200E-06,-14.34572879E-03
+1.39300E-06,-13.70251272E-03
+1.39400E-06,-14.34572879E-03
+1.39500E-06,-13.70251272E-03
+1.39600E-06,-13.70251272E-03
+1.39700E-06,-13.70251272E-03
+1.39800E-06,-13.66231171E-03
+1.39900E-06,-13.66231171E-03
+1.40000E-06,-12.41608057E-03
+1.40100E-06,-11.77286450E-03
+1.40200E-06,-11.12964842E-03
+1.40300E-06,-11.12964842E-03
+1.40400E-06,-11.12964842E-03
+1.40500E-06,-11.12964842E-03
+1.40600E-06,-10.48643235E-03
+1.40700E-06,-11.12964842E-03
+1.40800E-06,-9.84321628E-03
+1.40900E-06,-8.59698514E-03
+1.41000E-06,-8.59698514E-03
+1.41100E-06,-8.55678413E-03
+1.41200E-06,-7.95376906E-03
+1.41300E-06,-7.91356806E-03
+1.41400E-06,-7.91356806E-03
+1.41500E-06,-7.91356806E-03
+1.41600E-06,-6.66733691E-03
+1.41700E-06,-6.62713591E-03
+1.41800E-06,-5.38090477E-03
+1.41900E-06,-4.73768869E-03
+1.42000E-06,-4.09447262E-03
+1.42100E-06,-3.41105554E-03
+1.42200E-06,-3.41105554E-03
+1.42300E-06,-3.41105554E-03
+1.42400E-06,-2.76783947E-03
+1.42500E-06,-2.12462340E-03
+1.42600E-06,-878.39225E-06
+1.42700E-06,-194.97517E-06
+1.42800E-06,+408.03989E-06
+1.42900E-06,+408.03989E-06
+1.43000E-06,+448.24090E-06
+1.43100E-06,+448.24090E-06
+1.43200E-06,+2.33768811E-03
+1.43300E-06,+2.33768811E-03
+1.43400E-06,+2.98090419E-03
+1.43500E-06,+3.62412026E-03
+1.43600E-06,+3.66432127E-03
+1.43700E-06,+3.66432127E-03
+1.43800E-06,+4.26733634E-03
+1.43900E-06,+4.26733634E-03
+1.44000E-06,+4.91055241E-03
+1.44100E-06,+5.55376848E-03
+1.44200E-06,+5.59396949E-03
+1.44300E-06,+6.19698456E-03
+1.44400E-06,+6.88040163E-03
+1.44500E-06,+6.88040163E-03
+1.44600E-06,+6.88040163E-03
+1.44700E-06,+6.88040163E-03
+1.44800E-06,+8.12663278E-03
+1.44900E-06,+8.16683378E-03
+1.45000E-06,+8.76984885E-03
+1.45100E-06,+8.81004985E-03
+1.45200E-06,+8.81004985E-03
+1.45300E-06,+9.41306492E-03
+1.45400E-06,+10.69949707E-03
+1.45500E-06,+10.09648200E-03
+1.45600E-06,+10.73969807E-03
+1.45700E-06,+11.38291415E-03
+1.45800E-06,+11.38291415E-03
+1.45900E-06,+11.98592922E-03
+1.46000E-06,+12.02613022E-03
+1.46100E-06,+12.02613022E-03
+1.46200E-06,+12.02613022E-03
+1.46300E-06,+12.66934630E-03
+1.46400E-06,+13.27236136E-03
+1.46500E-06,+13.31256237E-03
+1.46600E-06,+13.91557744E-03
+1.46700E-06,+14.55879351E-03
+1.46800E-06,+13.95577844E-03
+1.46900E-06,+14.59899452E-03
+1.47000E-06,+14.59899452E-03
+1.47100E-06,+14.59899452E-03
+1.47200E-06,+15.20200958E-03
+1.47300E-06,+15.20200958E-03
+1.47400E-06,+15.88542666E-03
+1.47500E-06,+16.52864274E-03
+1.47600E-06,+17.13165781E-03
+1.47700E-06,+17.13165781E-03
+1.47800E-06,+17.17185881E-03
+1.47900E-06,+17.17185881E-03
+1.48000E-06,+16.52864274E-03
+1.48100E-06,+17.81507488E-03
+1.48200E-06,+17.81507488E-03
+1.48300E-06,+18.45829096E-03
+1.48400E-06,+18.45829096E-03
+1.48500E-06,+18.45829096E-03
+1.48600E-06,+18.45829096E-03
+1.48700E-06,+18.45829096E-03
+1.48800E-06,+19.10150703E-03
+1.48900E-06,+19.70452210E-03
+1.49000E-06,+19.70452210E-03
+1.49100E-06,+19.74472310E-03
+1.49200E-06,+19.70452210E-03
+1.49300E-06,+19.74472310E-03
+1.49400E-06,+19.74472310E-03
+1.49500E-06,+19.74472310E-03
+1.49600E-06,+19.74472310E-03
+1.49700E-06,+20.34773817E-03
+1.49800E-06,+19.74472310E-03
+1.49900E-06,+20.34773817E-03
+1.50000E-06,+19.74472310E-03
+1.50100E-06,+20.34773817E-03
+1.50200E-06,+19.74472310E-03
+1.50300E-06,+20.34773817E-03
+1.50400E-06,+20.38793918E-03
+1.50500E-06,+19.74472310E-03
+1.50600E-06,+20.34773817E-03
+1.50700E-06,+19.74472310E-03
+1.50800E-06,+19.70452210E-03
+1.50900E-06,+19.70452210E-03
+1.51000E-06,+19.10150703E-03
+1.51100E-06,+18.45829096E-03
+1.51200E-06,+19.10150703E-03
+1.51300E-06,+19.70452210E-03
+1.51400E-06,+19.10150703E-03
+1.51500E-06,+19.06130603E-03
+1.51600E-06,+19.06130603E-03
+1.51700E-06,+18.45829096E-03
+1.51800E-06,+17.81507488E-03
+1.51900E-06,+17.17185881E-03
+1.52000E-06,+17.17185881E-03
+1.52100E-06,+17.77487388E-03
+1.52200E-06,+17.77487388E-03
+1.52300E-06,+17.77487388E-03
+1.52400E-06,+17.17185881E-03
+1.52500E-06,+16.52864274E-03
+1.52600E-06,+15.88542666E-03
+1.52700E-06,+15.24221059E-03
+1.52800E-06,+15.24221059E-03
+1.52900E-06,+14.59899452E-03
+1.53000E-06,+14.59899452E-03
+1.53100E-06,+14.59899452E-03
+1.53200E-06,+14.59899452E-03
+1.53300E-06,+13.95577844E-03
+1.53400E-06,+13.91557744E-03
+1.53500E-06,+12.02613022E-03
+1.53600E-06,+12.62914529E-03
+1.53700E-06,+12.02613022E-03
+1.53800E-06,+11.38291415E-03
+1.53900E-06,+11.38291415E-03
+1.54000E-06,+10.73969807E-03
+1.54100E-06,+10.05628100E-03
+1.54200E-06,+9.45326593E-03
+1.54300E-06,+8.81004985E-03
+1.54400E-06,+8.81004985E-03
+1.54500E-06,+8.76984885E-03
+1.54600E-06,+8.12663278E-03
+1.54700E-06,+7.52361771E-03
+1.54800E-06,+6.88040163E-03
+1.54900E-06,+6.23718556E-03
+1.55000E-06,+5.59396949E-03
+1.55100E-06,+4.95075341E-03
+1.55200E-06,+4.95075341E-03
+1.55300E-06,+4.95075341E-03
+1.55400E-06,+4.30753734E-03
+1.55500E-06,+4.30753734E-03
+1.55600E-06,+3.02110519E-03
+1.55700E-06,+2.37788912E-03
+1.55800E-06,+3.02110519E-03
+1.55900E-06,+1.73467305E-03
+1.56000E-06,+1.73467305E-03
+1.56100E-06,+1.09145697E-03
+1.56200E-06,+1.09145697E-03
+1.56300E-06,+1.09145697E-03
+1.56400E-06,+1.09145697E-03
+1.56500E-06,-194.97517E-06
+1.56600E-06,-194.97517E-06
+1.56700E-06,-1.48140732E-03
+1.56800E-06,-878.39225E-06
+1.56900E-06,-1.48140732E-03
+1.57000E-06,-1.48140732E-03
+1.57100E-06,-2.12462340E-03
+1.57200E-06,-2.12462340E-03
+1.57300E-06,-2.76783947E-03
+1.57400E-06,-2.76783947E-03
+1.57500E-06,-4.05427162E-03
+1.57600E-06,-3.45125655E-03
+1.57700E-06,-4.05427162E-03
+1.57800E-06,-4.05427162E-03
+1.57900E-06,-4.05427162E-03
+1.58000E-06,-4.05427162E-03
+1.58100E-06,-4.73768869E-03
+1.58200E-06,-5.34070376E-03
+1.58300E-06,-6.62713591E-03
+1.58400E-06,-6.02412084E-03
+1.58500E-06,-5.98391984E-03
+1.58600E-06,-5.98391984E-03
+1.58700E-06,-6.62713591E-03
+1.58800E-06,-6.62713591E-03
+1.58900E-06,-7.27035198E-03
+1.59000E-06,-7.91356806E-03
+1.59100E-06,-9.20000020E-03
+1.59200E-06,-8.55678413E-03
+1.59300E-06,-7.95376906E-03
+1.59400E-06,-7.95376906E-03
+1.59500E-06,-9.20000020E-03
+1.59600E-06,-8.59698514E-03
+1.59700E-06,-9.20000020E-03
+1.59800E-06,-9.84321628E-03
+1.59900E-06,-10.44623135E-03
+1.60000E-06,-9.84321628E-03
+1.60100E-06,-10.48643235E-03
+1.60200E-06,-11.08944742E-03
+1.60300E-06,-10.48643235E-03
+1.60400E-06,-10.48643235E-03
+1.60500E-06,-11.77286450E-03
+1.60600E-06,-11.12964842E-03
+1.60700E-06,-11.77286450E-03
+1.60800E-06,-11.77286450E-03
+1.60900E-06,-12.37587957E-03
+1.61000E-06,-12.41608057E-03
+1.61100E-06,-12.41608057E-03
+1.61200E-06,-13.05929665E-03
+1.61300E-06,-13.05929665E-03
+1.61400E-06,-13.70251272E-03
+1.61500E-06,-14.30552779E-03
+1.61600E-06,-14.34572879E-03
+1.61700E-06,-13.70251272E-03
+1.61800E-06,-14.34572879E-03
+1.61900E-06,-14.34572879E-03
+1.62000E-06,-14.98894487E-03
+1.62100E-06,-15.63216094E-03
+1.62200E-06,-15.63216094E-03
+1.62300E-06,-16.23517601E-03
+1.62400E-06,-15.63216094E-03
+1.62500E-06,-15.63216094E-03
+1.62600E-06,-14.98894487E-03
+1.62700E-06,-14.34572879E-03
+1.62800E-06,-14.94874386E-03
+1.62900E-06,-14.98894487E-03
+1.63000E-06,-14.98894487E-03
+1.63100E-06,-15.59195993E-03
+1.63200E-06,-14.98894487E-03
+1.63300E-06,-14.98894487E-03
+1.63400E-06,-14.34572879E-03
+1.63500E-06,-13.70251272E-03
+1.63600E-06,-13.70251272E-03
+1.63700E-06,-13.70251272E-03
+1.63800E-06,-13.70251272E-03
+1.63900E-06,-14.30552779E-03
+1.64000E-06,-13.70251272E-03
+1.64100E-06,-12.41608057E-03
+1.64200E-06,-12.41608057E-03
+1.64300E-06,-12.41608057E-03
+1.64400E-06,-12.37587957E-03
+1.64500E-06,-11.77286450E-03
+1.64600E-06,-11.77286450E-03
+1.64700E-06,-11.77286450E-03
+1.64800E-06,-11.12964842E-03
+1.64900E-06,-9.84321628E-03
+1.65000E-06,-9.84321628E-03
+1.65100E-06,-9.84321628E-03
+1.65200E-06,-9.20000020E-03
+1.65300E-06,-8.59698514E-03
+1.65400E-06,-9.20000020E-03
+1.65500E-06,-9.20000020E-03
+1.65600E-06,-7.31055299E-03
+1.65700E-06,-6.62713591E-03
+1.65800E-06,-6.02412084E-03
+1.65900E-06,-5.38090477E-03
+1.66000E-06,-5.34070376E-03
+1.66100E-06,-5.34070376E-03
+1.66200E-06,-4.73768869E-03
+1.66300E-06,-5.34070376E-03
+1.66400E-06,-4.05427162E-03
+1.66500E-06,-2.80804047E-03
+1.66600E-06,-2.76783947E-03
+1.66700E-06,-2.12462340E-03
+1.66800E-06,-1.48140732E-03
+1.66900E-06,-1.48140732E-03
+1.67000E-06,-878.39225E-06
+1.67100E-06,-838.19125E-06
+1.67200E-06,-235.17618E-06
+1.67300E-06,+448.24090E-06
+1.67400E-06,+1.05125597E-03
+1.67500E-06,+1.09145697E-03
+1.67600E-06,+1.73467305E-03
+1.67700E-06,+2.33768811E-03
+1.67800E-06,+2.33768811E-03
+1.67900E-06,+1.73467305E-03
+1.68000E-06,+2.98090419E-03
+1.68100E-06,+3.02110519E-03
+1.68200E-06,+3.62412026E-03
+1.68300E-06,+4.26733634E-03
+1.68400E-06,+4.95075341E-03
+1.68500E-06,+4.95075341E-03
+1.68600E-06,+5.55376848E-03
+1.68700E-06,+4.95075341E-03
+1.68800E-06,+5.55376848E-03
+1.68900E-06,+6.84020063E-03
+1.69000E-06,+6.23718556E-03
+1.69100E-06,+7.48341670E-03
+1.69200E-06,+6.88040163E-03
+1.69300E-06,+6.88040163E-03
+1.69400E-06,+7.52361771E-03
+1.69500E-06,+7.52361771E-03
+1.69600E-06,+8.12663278E-03
+1.69700E-06,+8.81004985E-03
+1.69800E-06,+9.41306492E-03
+1.69900E-06,+9.45326593E-03
+1.70000E-06,+10.09648200E-03
+1.70100E-06,+10.05628100E-03
+1.70200E-06,+10.09648200E-03
+1.70300E-06,+9.45326593E-03
+1.70400E-06,+10.09648200E-03
+1.70500E-06,+11.34271314E-03
+1.70600E-06,+11.34271314E-03
+1.70700E-06,+10.73969807E-03
+1.70800E-06,+11.38291415E-03
+1.70900E-06,+11.38291415E-03
+1.71000E-06,+12.02613022E-03
+1.71100E-06,+11.38291415E-03
+1.71200E-06,+12.62914529E-03
+1.71300E-06,+12.66934630E-03
+1.71400E-06,+12.62914529E-03
+1.71500E-06,+13.27236136E-03
+1.71600E-06,+13.31256237E-03
+1.71700E-06,+13.91557744E-03
+1.71800E-06,+13.31256237E-03
+1.71900E-06,+13.31256237E-03
+1.72000E-06,+13.95577844E-03
+1.72100E-06,+14.55879351E-03
+1.72200E-06,+15.20200958E-03
+1.72300E-06,+14.59899452E-03
+1.72400E-06,+14.59899452E-03
+1.72500E-06,+15.84522566E-03
+1.72600E-06,+15.24221059E-03
+1.72700E-06,+15.84522566E-03
+1.72800E-06,+15.84522566E-03
+1.72900E-06,+15.88542666E-03
+1.73000E-06,+15.88542666E-03
+1.73100E-06,+16.48844173E-03
+1.73200E-06,+15.88542666E-03
+1.73300E-06,+16.48844173E-03
+1.73400E-06,+15.24221059E-03
+1.73500E-06,+15.24221059E-03
+1.73600E-06,+15.84522566E-03
+1.73700E-06,+16.48844173E-03
+1.73800E-06,+17.13165781E-03
+1.73900E-06,+17.17185881E-03
+1.74000E-06,+17.17185881E-03
+1.74100E-06,+16.52864274E-03
+1.74200E-06,+16.52864274E-03
+1.74300E-06,+15.88542666E-03
+1.74400E-06,+15.88542666E-03
+1.74500E-06,+15.88542666E-03
+1.74600E-06,+15.88542666E-03
+1.74700E-06,+16.52864274E-03
+1.74800E-06,+16.52864274E-03
+1.74900E-06,+16.48844173E-03
+1.75000E-06,+15.24221059E-03
+1.75100E-06,+15.24221059E-03
+1.75200E-06,+15.20200958E-03
+1.75300E-06,+15.24221059E-03
+1.75400E-06,+14.59899452E-03
+1.75500E-06,+14.59899452E-03
+1.75600E-06,+14.59899452E-03
+1.75700E-06,+13.91557744E-03
+1.75800E-06,+13.95577844E-03
+1.75900E-06,+13.31256237E-03
+1.76000E-06,+13.31256237E-03
+1.76100E-06,+13.31256237E-03
+1.76200E-06,+13.31256237E-03
+1.76300E-06,+12.66934630E-03
+1.76400E-06,+12.66934630E-03
+1.76500E-06,+11.98592922E-03
+1.76600E-06,+11.38291415E-03
+1.76700E-06,+10.09648200E-03
+1.76800E-06,+10.73969807E-03
+1.76900E-06,+11.38291415E-03
+1.77000E-06,+10.69949707E-03
+1.77100E-06,+10.09648200E-03
+1.77200E-06,+10.09648200E-03
+1.77300E-06,+10.05628100E-03
+1.77400E-06,+9.41306492E-03
+1.77500E-06,+7.52361771E-03
+1.77600E-06,+7.52361771E-03
+1.77700E-06,+8.16683378E-03
+1.77800E-06,+6.88040163E-03
+1.77900E-06,+6.88040163E-03
+1.78000E-06,+6.23718556E-03
+1.78100E-06,+5.59396949E-03
+1.78200E-06,+4.95075341E-03
+1.78300E-06,+4.30753734E-03
+1.78400E-06,+4.26733634E-03
+1.78500E-06,+3.66432127E-03
+1.78600E-06,+3.02110519E-03
+1.78700E-06,+3.02110519E-03
+1.78800E-06,+2.37788912E-03
+1.78900E-06,+2.37788912E-03
+1.79000E-06,+1.09145697E-03
+1.79100E-06,-194.97517E-06
+1.79200E-06,+448.24090E-06
+1.79300E-06,-194.97517E-06
+1.79400E-06,-194.97517E-06
+1.79500E-06,-838.19125E-06
+1.79600E-06,-838.19125E-06
+1.79700E-06,-2.12462340E-03
+1.79800E-06,-2.12462340E-03
+1.79900E-06,-3.41105554E-03
+1.80000E-06,-2.80804047E-03
+1.80100E-06,-3.41105554E-03
+1.80200E-06,-3.45125655E-03
+1.80300E-06,-4.05427162E-03
+1.80400E-06,-4.05427162E-03
+1.80500E-06,-4.69748769E-03
+1.80600E-06,-4.73768869E-03
+1.80700E-06,-6.62713591E-03
+1.80800E-06,-5.38090477E-03
+1.80900E-06,-5.98391984E-03
+1.81000E-06,-5.98391984E-03
+1.81100E-06,-6.62713591E-03
+1.81200E-06,-6.62713591E-03
+1.81300E-06,-7.91356806E-03
+1.81400E-06,-8.55678413E-03
+1.81500E-06,-8.55678413E-03
+1.81600E-06,-8.55678413E-03
+1.81700E-06,-8.55678413E-03
+1.81800E-06,-9.20000020E-03
+1.81900E-06,-9.80301527E-03
+1.82000E-06,-9.84321628E-03
+1.82100E-06,-9.84321628E-03
+1.82200E-06,-9.84321628E-03
+1.82300E-06,-10.48643235E-03
+1.82400E-06,-11.12964842E-03
+1.82500E-06,-11.73266349E-03
+1.82600E-06,-11.77286450E-03
+1.82700E-06,-12.41608057E-03
+1.82800E-06,-12.41608057E-03
+1.82900E-06,-12.41608057E-03
+1.83000E-06,-13.05929665E-03
+1.83100E-06,-13.05929665E-03
+1.83200E-06,-13.05929665E-03
+1.83300E-06,-13.05929665E-03
+1.83400E-06,-13.70251272E-03
+1.83500E-06,-14.30552779E-03
+1.83600E-06,-14.34572879E-03
+1.83700E-06,-14.34572879E-03
+1.83800E-06,-14.98894487E-03
+1.83900E-06,-15.63216094E-03
+1.84000E-06,-15.63216094E-03
+1.84100E-06,-15.59195993E-03
+1.84200E-06,-15.63216094E-03
+1.84300E-06,-15.63216094E-03
+1.84400E-06,-16.27537701E-03
+1.84500E-06,-16.91859309E-03
+1.84600E-06,-17.52160816E-03
+1.84700E-06,-18.16482423E-03
+1.84800E-06,-18.20502523E-03
+1.84900E-06,-18.20502523E-03
+1.85000E-06,-18.20502523E-03
+1.85100E-06,-18.20502523E-03
+1.85200E-06,-18.84824131E-03
+1.85300E-06,-18.84824131E-03
+1.85400E-06,-19.49145738E-03
+1.85500E-06,-20.73768852E-03
+1.85600E-06,-20.13467345E-03
+1.85700E-06,-20.13467345E-03
+1.85800E-06,-20.13467345E-03
+1.85900E-06,-20.73768852E-03
+1.86000E-06,-20.77788953E-03
+1.86100E-06,-20.77788953E-03
+1.86200E-06,-22.06432167E-03
+1.86300E-06,-22.66733674E-03
+1.86400E-06,-21.42110560E-03
+1.86500E-06,-21.42110560E-03
+1.86600E-06,-21.42110560E-03
+1.86700E-06,-21.42110560E-03
+1.86800E-06,-21.42110560E-03
+1.86900E-06,-21.42110560E-03
+1.87000E-06,-22.02412067E-03
+1.87100E-06,-22.06432167E-03
+1.87200E-06,-21.42110560E-03
+1.87300E-06,-20.77788953E-03
+1.87400E-06,-20.77788953E-03
+1.87500E-06,-20.77788953E-03
+1.87600E-06,-20.13467345E-03
+1.87700E-06,-20.77788953E-03
+1.87800E-06,-20.13467345E-03
+1.87900E-06,-20.13467345E-03
+1.88000E-06,-20.13467345E-03
+1.88100E-06,-18.84824131E-03
+1.88200E-06,-19.49145738E-03
+1.88300E-06,-18.84824131E-03
+1.88400E-06,-18.84824131E-03
+1.88500E-06,-19.49145738E-03
+1.88600E-06,-18.84824131E-03
+1.88700E-06,-18.84824131E-03
+1.88800E-06,-18.20502523E-03
+1.88900E-06,-16.91859309E-03
+1.89000E-06,-16.27537701E-03
+1.89100E-06,-16.27537701E-03
+1.89200E-06,-16.27537701E-03
+1.89300E-06,-15.63216094E-03
+1.89400E-06,-15.59195993E-03
+1.89500E-06,-16.23517601E-03
+1.89600E-06,-14.34572879E-03
+1.89700E-06,-14.34572879E-03
+1.89800E-06,-13.70251272E-03
+1.89900E-06,-13.05929665E-03
+1.90000E-06,-11.77286450E-03
+1.90100E-06,-12.37587957E-03
+1.90200E-06,-11.77286450E-03
+1.90300E-06,-11.73266349E-03
+1.90400E-06,-11.12964842E-03
+1.90500E-06,-9.84321628E-03
+1.90600E-06,-9.84321628E-03
+1.90700E-06,-9.20000020E-03
+1.90800E-06,-8.55678413E-03
+1.90900E-06,-8.59698514E-03
+1.91000E-06,-8.55678413E-03
+1.91100E-06,-8.55678413E-03
+1.91200E-06,-6.66733691E-03
+1.91300E-06,-7.27035198E-03
+1.91400E-06,-5.98391984E-03
+1.91500E-06,-6.02412084E-03
+1.91600E-06,-5.38090477E-03
+1.91700E-06,-5.98391984E-03
+1.91800E-06,-5.34070376E-03
+1.91900E-06,-5.34070376E-03
+1.92000E-06,-4.09447262E-03
+1.92100E-06,-3.45125655E-03
+1.92200E-06,-3.41105554E-03
+1.92300E-06,-2.80804047E-03
+1.92400E-06,-2.16482440E-03
+1.92500E-06,-2.80804047E-03
+1.92600E-06,-2.16482440E-03
+1.92700E-06,-2.76783947E-03
+1.92800E-06,-878.39225E-06
+1.92900E-06,-878.39225E-06
+1.93000E-06,-235.17618E-06
+1.93100E-06,-194.97517E-06
+1.93200E-06,+408.03989E-06
+1.93300E-06,+408.03989E-06
+1.93400E-06,+448.24090E-06
+1.93500E-06,+448.24090E-06
+1.93600E-06,+1.69447204E-03
+1.93700E-06,+2.33768811E-03
+1.93800E-06,+1.73467305E-03
+1.93900E-06,+2.33768811E-03
+1.94000E-06,+2.37788912E-03
+1.94100E-06,+2.37788912E-03
+1.94200E-06,+2.98090419E-03
+1.94300E-06,+2.37788912E-03
+1.94400E-06,+3.02110519E-03
+1.94500E-06,+3.66432127E-03
+1.94600E-06,+4.30753734E-03
+1.94700E-06,+4.91055241E-03
+1.94800E-06,+4.91055241E-03
+1.94900E-06,+5.55376848E-03
+1.95000E-06,+5.55376848E-03
+1.95100E-06,+4.30753734E-03
+1.95200E-06,+5.55376848E-03
+1.95300E-06,+6.19698456E-03
+1.95400E-06,+6.23718556E-03
+1.95500E-06,+6.88040163E-03
+1.95600E-06,+6.88040163E-03
+1.95700E-06,+6.88040163E-03
+1.95800E-06,+6.88040163E-03
+1.95900E-06,+6.23718556E-03
+1.96000E-06,+7.48341670E-03
+1.96100E-06,+8.12663278E-03
+1.96200E-06,+8.16683378E-03
+1.96300E-06,+8.16683378E-03
+1.96400E-06,+8.16683378E-03
+1.96500E-06,+8.76984885E-03
+1.96600E-06,+8.76984885E-03
+1.96700E-06,+7.52361771E-03
+1.96800E-06,+8.81004985E-03
+1.96900E-06,+10.05628100E-03
+1.97000E-06,+9.45326593E-03
+1.97100E-06,+9.45326593E-03
+1.97200E-06,+9.45326593E-03
+1.97300E-06,+9.41306492E-03
+1.97400E-06,+9.45326593E-03
+1.97500E-06,+8.81004985E-03
+1.97600E-06,+9.45326593E-03
+1.97700E-06,+10.69949707E-03
+1.97800E-06,+10.69949707E-03
+1.97900E-06,+10.73969807E-03
+1.98000E-06,+10.73969807E-03
+1.98100E-06,+10.69949707E-03
+1.98200E-06,+10.09648200E-03
+1.98300E-06,+9.45326593E-03
+1.98400E-06,+10.05628100E-03
+1.98500E-06,+10.09648200E-03
+1.98600E-06,+9.45326593E-03
+1.98700E-06,+9.45326593E-03
+1.98800E-06,+10.69949707E-03
+1.98900E-06,+9.45326593E-03
+1.99000E-06,+8.81004985E-03
+1.99100E-06,+8.81004985E-03
+1.99200E-06,+9.41306492E-03
+1.99300E-06,+8.81004985E-03
+1.99400E-06,+8.16683378E-03
+1.99500E-06,+8.16683378E-03
+1.99600E-06,+8.16683378E-03
+1.99700E-06,+8.12663278E-03
+1.99800E-06,+7.52361771E-03
+1.99900E-06,+6.88040163E-03
+2.00000E-06,+6.88040163E-03
+2.00100E-06,+7.48341670E-03
+2.00200E-06,+6.23718556E-03
+2.00300E-06,+6.88040163E-03
+2.00400E-06,+6.23718556E-03
+2.00500E-06,+5.59396949E-03
+2.00600E-06,+5.59396949E-03
+2.00700E-06,+4.30753734E-03
+2.00800E-06,+4.91055241E-03
+2.00900E-06,+4.30753734E-03
+2.01000E-06,+4.30753734E-03
+2.01100E-06,+4.30753734E-03
+2.01200E-06,+3.66432127E-03
+2.01300E-06,+3.62412026E-03
+2.01400E-06,+2.37788912E-03
+2.01500E-06,+1.73467305E-03
+2.01600E-06,+1.69447204E-03
+2.01700E-06,+1.73467305E-03
+2.01800E-06,+1.09145697E-03
+2.01900E-06,+448.24090E-06
+2.02000E-06,+448.24090E-06
+2.02100E-06,-235.17618E-06
+2.02200E-06,-878.39225E-06
+2.02300E-06,-2.12462340E-03
+2.02400E-06,-2.12462340E-03
+2.02500E-06,-2.76783947E-03
+2.02600E-06,-2.76783947E-03
+2.02700E-06,-3.41105554E-03
+2.02800E-06,-3.41105554E-03
+2.02900E-06,-4.69748769E-03
+2.03000E-06,-5.34070376E-03
+2.03100E-06,-5.98391984E-03
+2.03200E-06,-6.02412084E-03
+2.03300E-06,-6.62713591E-03
+2.03400E-06,-6.62713591E-03
+2.03500E-06,-7.27035198E-03
+2.03600E-06,-6.62713591E-03
+2.03700E-06,-7.91356806E-03
+2.03800E-06,-7.95376906E-03
+2.03900E-06,-9.20000020E-03
+2.04000E-06,-9.84321628E-03
+2.04100E-06,-9.84321628E-03
+2.04200E-06,-10.44623135E-03
+2.04300E-06,-10.44623135E-03
+2.04400E-06,-10.48643235E-03
+2.04500E-06,-10.48643235E-03
+2.04600E-06,-11.12964842E-03
+2.04700E-06,-13.01909564E-03
+2.04800E-06,-12.41608057E-03
+2.04900E-06,-12.41608057E-03
+2.05000E-06,-13.05929665E-03
+2.05100E-06,-13.05929665E-03
+2.05200E-06,-13.70251272E-03
+2.05300E-06,-14.34572879E-03
+2.05400E-06,-14.34572879E-03
+2.05500E-06,-14.98894487E-03
+2.05600E-06,-15.63216094E-03
+2.05700E-06,-14.34572879E-03
+2.05800E-06,-14.98894487E-03
+2.05900E-06,-15.63216094E-03
+2.06000E-06,-16.23517601E-03
+2.06100E-06,-16.91859309E-03
+2.06200E-06,-16.91859309E-03
+2.06300E-06,-18.16482423E-03
+2.06400E-06,-18.20502523E-03
+2.06500E-06,-16.91859309E-03
+2.06600E-06,-18.16482423E-03
+2.06700E-06,-17.56180916E-03
+2.06800E-06,-18.80804030E-03
+2.06900E-06,-19.49145738E-03
+2.07000E-06,-19.49145738E-03
+2.07100E-06,-20.09447245E-03
+2.07200E-06,-20.13467345E-03
+2.07300E-06,-19.49145738E-03
+2.07400E-06,-20.77788953E-03
+2.07500E-06,-21.38090460E-03
+2.07600E-06,-20.77788953E-03
+2.07700E-06,-20.77788953E-03
+2.07800E-06,-21.42110560E-03
+2.07900E-06,-22.02412067E-03
+2.08000E-06,-21.42110560E-03
+2.08100E-06,-22.06432167E-03
+2.08200E-06,-22.06432167E-03
+2.08300E-06,-22.70753775E-03
+2.08400E-06,-23.31055282E-03
+2.08500E-06,-23.35075382E-03
+2.08600E-06,-23.35075382E-03
+2.08700E-06,-24.59698496E-03
+2.08800E-06,-23.99396989E-03
+2.08900E-06,-23.99396989E-03
+2.09000E-06,-24.63718597E-03
+2.09100E-06,-24.63718597E-03
+2.09200E-06,-25.28040204E-03
+2.09300E-06,-26.56683419E-03
+2.09400E-06,-25.92361812E-03
+2.09500E-06,-27.16984926E-03
+2.09600E-06,-27.21005026E-03
+2.09700E-06,-26.56683419E-03
+2.09800E-06,-27.21005026E-03
+2.09900E-06,-27.21005026E-03
+2.10000E-06,-27.21005026E-03
+2.10100E-06,-27.85326634E-03
+2.10200E-06,-28.49648241E-03
+2.10300E-06,-28.49648241E-03
+2.10400E-06,-28.49648241E-03
+2.10500E-06,-27.85326634E-03
+2.10600E-06,-27.85326634E-03
+2.10700E-06,-27.81306533E-03
+2.10800E-06,-27.81306533E-03
+2.10900E-06,-27.85326634E-03
+2.11000E-06,-27.85326634E-03
+2.11100E-06,-28.49648241E-03
+2.11200E-06,-27.85326634E-03
+2.11300E-06,-27.21005026E-03
+2.11400E-06,-27.21005026E-03
+2.11500E-06,-27.21005026E-03
+2.11600E-06,-27.21005026E-03
+2.11700E-06,-26.56683419E-03
+2.11800E-06,-27.21005026E-03
+2.11900E-06,-27.81306533E-03
+2.12000E-06,-26.56683419E-03
+2.12100E-06,-25.92361812E-03
+2.12200E-06,-25.92361812E-03
+2.12300E-06,-25.28040204E-03
+2.12400E-06,-25.88341711E-03
+2.12500E-06,-25.88341711E-03
+2.12600E-06,-25.28040204E-03
+2.12700E-06,-25.28040204E-03
+2.12800E-06,-24.63718597E-03
+2.12900E-06,-23.35075382E-03
+2.13000E-06,-22.70753775E-03
+2.13100E-06,-22.70753775E-03
+2.13200E-06,-22.06432167E-03
+2.13300E-06,-22.06432167E-03
+2.13400E-06,-22.70753775E-03
+2.13500E-06,-22.06432167E-03
+2.13600E-06,-22.06432167E-03
+2.13700E-06,-21.42110560E-03
+2.13800E-06,-20.77788953E-03
+2.13900E-06,-19.49145738E-03
+2.14000E-06,-18.84824131E-03
+2.14100E-06,-18.84824131E-03
+2.14200E-06,-18.20502523E-03
+2.14300E-06,-18.20502523E-03
+2.14400E-06,-17.56180916E-03
+2.14500E-06,-16.27537701E-03
+2.14600E-06,-16.27537701E-03
+2.14700E-06,-15.63216094E-03
+2.14800E-06,-14.98894487E-03
+2.14900E-06,-14.98894487E-03
+2.15000E-06,-14.34572879E-03
+2.15100E-06,-14.94874386E-03
+2.15200E-06,-13.70251272E-03
+2.15300E-06,-13.70251272E-03
+2.15400E-06,-13.05929665E-03
+2.15500E-06,-13.05929665E-03
+2.15600E-06,-11.77286450E-03
+2.15700E-06,-11.12964842E-03
+2.15800E-06,-11.12964842E-03
+2.15900E-06,-11.77286450E-03
+2.16000E-06,-11.12964842E-03
+2.16100E-06,-9.84321628E-03
+2.16200E-06,-9.20000020E-03
+2.16300E-06,-9.20000020E-03
+2.16400E-06,-9.20000020E-03
+2.16500E-06,-8.59698514E-03
+2.16600E-06,-8.55678413E-03
+2.16700E-06,-9.20000020E-03
+2.16800E-06,-7.95376906E-03
+2.16900E-06,-6.66733691E-03
+2.17000E-06,-6.62713591E-03
+2.17100E-06,-5.98391984E-03
+2.17200E-06,-5.38090477E-03
+2.17300E-06,-5.38090477E-03
+2.17400E-06,-5.98391984E-03
+2.17500E-06,-6.62713591E-03
+2.17600E-06,-5.38090477E-03
+2.17700E-06,-5.34070376E-03
+2.17800E-06,-4.09447262E-03
+2.17900E-06,-4.05427162E-03
+2.18000E-06,-4.05427162E-03
+2.18100E-06,-3.45125655E-03
+2.18200E-06,-3.41105554E-03
+2.18300E-06,-4.69748769E-03
+2.18400E-06,-2.80804047E-03
+2.18500E-06,-2.16482440E-03
+2.18600E-06,-2.12462340E-03
+2.18700E-06,-2.12462340E-03
+2.18800E-06,-878.39225E-06
+2.18900E-06,-878.39225E-06
+2.19000E-06,-878.39225E-06
+2.19100E-06,-838.19125E-06
+2.19200E-06,-878.39225E-06
+2.19300E-06,+408.03989E-06
+2.19400E-06,-235.17618E-06
+2.19500E-06,-194.97517E-06
+2.19600E-06,+448.24090E-06
+2.19700E-06,+408.03989E-06
+2.19800E-06,+1.05125597E-03
+2.19900E-06,+1.09145697E-03
+2.20000E-06,+1.69447204E-03
+2.20100E-06,+1.73467305E-03
+2.20200E-06,+2.33768811E-03
+2.20300E-06,+2.98090419E-03
+2.20400E-06,+2.37788912E-03
+2.20500E-06,+2.33768811E-03
+2.20600E-06,+1.73467305E-03
+2.20700E-06,+1.73467305E-03
+2.20800E-06,+2.98090419E-03
+2.20900E-06,+3.66432127E-03
+2.21000E-06,+4.26733634E-03
+2.21100E-06,+4.30753734E-03
+2.21200E-06,+4.30753734E-03
+2.21300E-06,+3.62412026E-03
+2.21400E-06,+3.66432127E-03
+2.21500E-06,+3.02110519E-03
+2.21600E-06,+3.66432127E-03
+2.21700E-06,+4.26733634E-03
+2.21800E-06,+4.26733634E-03
+2.21900E-06,+4.30753734E-03
+2.22000E-06,+4.30753734E-03
+2.22100E-06,+4.26733634E-03
+2.22200E-06,+4.95075341E-03
+2.22300E-06,+4.30753734E-03
+2.22400E-06,+4.26733634E-03
+2.22500E-06,+4.30753734E-03
+2.22600E-06,+4.91055241E-03
+2.22700E-06,+4.30753734E-03
+2.22800E-06,+3.66432127E-03
+2.22900E-06,+4.26733634E-03
+2.23000E-06,+3.66432127E-03
+2.23100E-06,+2.37788912E-03
+2.23200E-06,+2.98090419E-03
+2.23300E-06,+3.62412026E-03
+2.23400E-06,+3.62412026E-03
+2.23500E-06,+3.02110519E-03
+2.23600E-06,+3.02110519E-03
+2.23700E-06,+2.37788912E-03
+2.23800E-06,+2.37788912E-03
+2.23900E-06,+1.73467305E-03
+2.24000E-06,+1.69447204E-03
+2.24100E-06,+1.73467305E-03
+2.24200E-06,+1.73467305E-03
+2.24300E-06,+1.09145697E-03
+2.24400E-06,+1.09145697E-03
+2.24500E-06,+448.24090E-06
+2.24600E-06,+448.24090E-06
+2.24700E-06,-838.19125E-06
+2.24800E-06,+408.03989E-06
+2.24900E-06,-838.19125E-06
+2.25000E-06,-878.39225E-06
+2.25100E-06,-1.48140732E-03
+2.25200E-06,-1.48140732E-03
+2.25300E-06,-2.12462340E-03
+2.25400E-06,-2.76783947E-03
+2.25500E-06,-3.41105554E-03
+2.25600E-06,-3.45125655E-03
+2.25700E-06,-3.41105554E-03
+2.25800E-06,-4.05427162E-03
+2.25900E-06,-4.09447262E-03
+2.26000E-06,-4.69748769E-03
+2.26100E-06,-5.34070376E-03
+2.26200E-06,-6.62713591E-03
+2.26300E-06,-7.91356806E-03
+2.26400E-06,-7.31055299E-03
+2.26500E-06,-7.27035198E-03
+2.26600E-06,-7.27035198E-03
+2.26700E-06,-7.91356806E-03
+2.26800E-06,-8.55678413E-03
+2.26900E-06,-8.59698514E-03
+2.27000E-06,-9.84321628E-03
+2.27100E-06,-11.08944742E-03
+2.27200E-06,-10.48643235E-03
+2.27300E-06,-10.48643235E-03
+2.27400E-06,-11.12964842E-03
+2.27500E-06,-11.77286450E-03
+2.27600E-06,-11.77286450E-03
+2.27700E-06,-13.01909564E-03
+2.27800E-06,-13.05929665E-03
+2.27900E-06,-14.30552779E-03
+2.28000E-06,-13.70251272E-03
+2.28100E-06,-13.70251272E-03
+2.28200E-06,-14.94874386E-03
+2.28300E-06,-14.94874386E-03
+2.28400E-06,-14.98894487E-03
+2.28500E-06,-15.63216094E-03
+2.28600E-06,-15.63216094E-03
+2.28700E-06,-17.52160816E-03
+2.28800E-06,-16.91859309E-03
+2.28900E-06,-16.27537701E-03
+2.29000E-06,-16.91859309E-03
+2.29100E-06,-17.56180916E-03
+2.29200E-06,-17.56180916E-03
+2.29300E-06,-17.56180916E-03
+2.29400E-06,-18.80804030E-03
+2.29500E-06,-19.45125638E-03
+2.29600E-06,-19.49145738E-03
+2.29700E-06,-19.49145738E-03
+2.29800E-06,-20.13467345E-03
+2.29900E-06,-19.49145738E-03
+2.30000E-06,-20.73768852E-03
+2.30100E-06,-20.77788953E-03
+2.30200E-06,-20.77788953E-03
+2.30300E-06,-22.02412067E-03
+2.30400E-06,-21.42110560E-03
+2.30500E-06,-21.42110560E-03
+2.30600E-06,-21.42110560E-03
+2.30700E-06,-21.42110560E-03
+2.30800E-06,-22.06432167E-03
+2.30900E-06,-22.70753775E-03
+2.31000E-06,-23.31055282E-03
+2.31100E-06,-23.99396989E-03
+2.31200E-06,-23.35075382E-03
+2.31300E-06,-23.35075382E-03
+2.31400E-06,-23.95376889E-03
+2.31500E-06,-24.63718597E-03
+2.31600E-06,-24.59698496E-03
+2.31700E-06,-25.28040204E-03
+2.31800E-06,-25.28040204E-03
+2.31900E-06,-26.52663318E-03
+2.32000E-06,-25.92361812E-03
+2.32100E-06,-25.28040204E-03
+2.32200E-06,-25.28040204E-03
+2.32300E-06,-25.92361812E-03
+2.32400E-06,-26.52663318E-03
+2.32500E-06,-26.56683419E-03
+2.32600E-06,-27.16984926E-03
+2.32700E-06,-27.81306533E-03
+2.32800E-06,-27.85326634E-03
+2.32900E-06,-27.21005026E-03
+2.33000E-06,-27.21005026E-03
+2.33100E-06,-27.21005026E-03
+2.33200E-06,-28.49648241E-03
+2.33300E-06,-29.13969848E-03
+2.33400E-06,-29.74271355E-03
+2.33500E-06,-29.78291456E-03
+2.33600E-06,-29.78291456E-03
+2.33700E-06,-29.78291456E-03
+2.33800E-06,-29.13969848E-03
+2.33900E-06,-29.74271355E-03
+2.34000E-06,-29.78291456E-03
+2.34100E-06,-30.42613063E-03
+2.34200E-06,-30.42613063E-03
+2.34300E-06,-31.02914570E-03
+2.34400E-06,-30.42613063E-03
+2.34500E-06,-30.42613063E-03
+2.34600E-06,-30.42613063E-03
+2.34700E-06,-31.02914570E-03
+2.34800E-06,-30.38592963E-03
+2.34900E-06,-30.42613063E-03
+2.35000E-06,-31.71256278E-03
+2.35100E-06,-31.67236177E-03
+2.35200E-06,-31.71256278E-03
+2.35300E-06,-31.06934670E-03
+2.35400E-06,-31.06934670E-03
+2.35500E-06,-30.42613063E-03
+2.35600E-06,-30.42613063E-03
+2.35700E-06,-30.42613063E-03
+2.35800E-06,-30.42613063E-03
+2.35900E-06,-31.02914570E-03
+2.36000E-06,-29.78291456E-03
+2.36100E-06,-29.13969848E-03
+2.36200E-06,-28.49648241E-03
+2.36300E-06,-27.85326634E-03
+2.36400E-06,-27.21005026E-03
+2.36500E-06,-27.85326634E-03
+2.36600E-06,-27.85326634E-03
+2.36700E-06,-27.85326634E-03
+2.36800E-06,-26.56683419E-03
+2.36900E-06,-25.28040204E-03
+2.37000E-06,-24.63718597E-03
+2.37100E-06,-24.63718597E-03
+2.37200E-06,-24.63718597E-03
+2.37300E-06,-24.63718597E-03
+2.37400E-06,-23.35075382E-03
+2.37500E-06,-23.95376889E-03
+2.37600E-06,-22.70753775E-03
+2.37700E-06,-21.42110560E-03
+2.37800E-06,-20.77788953E-03
+2.37900E-06,-20.13467345E-03
+2.38000E-06,-19.49145738E-03
+2.38100E-06,-19.49145738E-03
+2.38200E-06,-18.84824131E-03
+2.38300E-06,-18.84824131E-03
+2.38400E-06,-18.20502523E-03
+2.38500E-06,-16.91859309E-03
+2.38600E-06,-16.27537701E-03
+2.38700E-06,-15.63216094E-03
+2.38800E-06,-15.63216094E-03
+2.38900E-06,-15.63216094E-03
+2.39000E-06,-15.63216094E-03
+2.39100E-06,-15.63216094E-03
+2.39200E-06,-14.98894487E-03
+2.39300E-06,-14.34572879E-03
+2.39400E-06,-13.70251272E-03
+2.39500E-06,-13.05929665E-03
+2.39600E-06,-13.05929665E-03
+2.39700E-06,-12.41608057E-03
+2.39800E-06,-12.41608057E-03
+2.39900E-06,-12.41608057E-03
+2.40000E-06,-11.77286450E-03
+2.40100E-06,-11.12964842E-03
+2.40200E-06,-11.12964842E-03
+2.40300E-06,-11.12964842E-03
+2.40400E-06,-10.44623135E-03
+2.40500E-06,-9.84321628E-03
+2.40600E-06,-9.20000020E-03
+2.40700E-06,-9.20000020E-03
+2.40800E-06,-9.20000020E-03
+2.40900E-06,-7.95376906E-03
+2.41000E-06,-7.91356806E-03
+2.41100E-06,-7.31055299E-03
+2.41200E-06,-6.66733691E-03
+2.41300E-06,-7.27035198E-03
+2.41400E-06,-6.62713591E-03
+2.41500E-06,-6.66733691E-03
+2.41600E-06,-6.62713591E-03
+2.41700E-06,-5.98391984E-03
+2.41800E-06,-4.73768869E-03
+2.41900E-06,-4.69748769E-03
+2.42000E-06,-4.05427162E-03
+2.42100E-06,-3.45125655E-03
+2.42200E-06,-2.80804047E-03
+2.42300E-06,-3.41105554E-03
+2.42400E-06,-3.41105554E-03
+2.42500E-06,-2.16482440E-03
+2.42600E-06,-1.52160833E-03
+2.42700E-06,-1.52160833E-03
+2.42800E-06,-838.19125E-06
+2.42900E-06,-878.39225E-06
+2.43000E-06,-878.39225E-06
+2.43100E-06,-838.19125E-06
+2.43200E-06,-194.97517E-06
+2.43300E-06,+1.69447204E-03
+2.43400E-06,+2.33768811E-03
+2.43500E-06,+1.09145697E-03
+2.43600E-06,+1.09145697E-03
+2.43700E-06,+2.33768811E-03
+2.43800E-06,+1.73467305E-03
+2.43900E-06,+2.33768811E-03
+2.44000E-06,+2.37788912E-03
+2.44100E-06,+3.02110519E-03
+2.44200E-06,+3.02110519E-03
+2.44300E-06,+3.66432127E-03
+2.44400E-06,+3.66432127E-03
+2.44500E-06,+3.66432127E-03
+2.44600E-06,+4.26733634E-03
+2.44700E-06,+4.30753734E-03
+2.44800E-06,+4.91055241E-03
+2.44900E-06,+4.95075341E-03
+2.45000E-06,+4.91055241E-03
+2.45100E-06,+4.30753734E-03
+2.45200E-06,+4.95075341E-03
+2.45300E-06,+4.91055241E-03
+2.45400E-06,+4.95075341E-03
+2.45500E-06,+4.95075341E-03
+2.45600E-06,+4.95075341E-03
+2.45700E-06,+5.59396949E-03
+2.45800E-06,+4.95075341E-03
+2.45900E-06,+6.19698456E-03
+2.46000E-06,+5.59396949E-03
+2.46100E-06,+6.19698456E-03
+2.46200E-06,+4.95075341E-03
+2.46300E-06,+4.95075341E-03
+2.46400E-06,+4.95075341E-03
+2.46500E-06,+5.55376848E-03
+2.46600E-06,+5.59396949E-03
+2.46700E-06,+5.55376848E-03
+2.46800E-06,+5.59396949E-03
+2.46900E-06,+4.95075341E-03
+2.47000E-06,+4.30753734E-03
+2.47100E-06,+3.66432127E-03
+2.47200E-06,+4.26733634E-03
+2.47300E-06,+4.30753734E-03
+2.47400E-06,+4.26733634E-03
+2.47500E-06,+4.30753734E-03
+2.47600E-06,+4.30753734E-03
+2.47700E-06,+4.30753734E-03
+2.47800E-06,+4.26733634E-03
+2.47900E-06,+3.66432127E-03
+2.48000E-06,+3.66432127E-03
+2.48100E-06,+3.66432127E-03
+2.48200E-06,+3.66432127E-03
+2.48300E-06,+3.66432127E-03
+2.48400E-06,+3.02110519E-03
+2.48500E-06,+2.98090419E-03
+2.48600E-06,+2.37788912E-03
+2.48700E-06,+2.33768811E-03
+2.48800E-06,+2.33768811E-03
+2.48900E-06,+2.37788912E-03
+2.49000E-06,+2.33768811E-03
+2.49100E-06,+1.73467305E-03
+2.49200E-06,+1.73467305E-03
+2.49300E-06,+448.24090E-06
+2.49400E-06,+408.03989E-06
+2.49500E-06,-838.19125E-06
+2.49600E-06,-838.19125E-06
+2.49700E-06,-838.19125E-06
+2.49800E-06,-878.39225E-06
+2.49900E-06,-1.48140732E-03
+2.50000E-06,-2.12462340E-03
+2.50100E-06,-2.76783947E-03
+2.50200E-06,-3.41105554E-03
+2.50300E-06,-4.05427162E-03
+2.50400E-06,-4.05427162E-03
+2.50500E-06,-4.69748769E-03
+2.50600E-06,-4.09447262E-03
+2.50700E-06,-4.69748769E-03
+2.50800E-06,-5.34070376E-03
+2.50900E-06,-5.98391984E-03
+2.51000E-06,-6.62713591E-03
+2.51100E-06,-7.27035198E-03
+2.51200E-06,-7.91356806E-03
+2.51300E-06,-7.91356806E-03
+2.51400E-06,-8.55678413E-03
+2.51500E-06,-9.20000020E-03
+2.51600E-06,-9.20000020E-03
+2.51700E-06,-9.80301527E-03
+2.51800E-06,-9.20000020E-03
+2.51900E-06,-11.08944742E-03
+2.52000E-06,-11.12964842E-03
+2.52100E-06,-11.12964842E-03
+2.52200E-06,-10.48643235E-03
+2.52300E-06,-11.12964842E-03
+2.52400E-06,-11.12964842E-03
+2.52500E-06,-12.37587957E-03
+2.52600E-06,-12.41608057E-03
+2.52700E-06,-13.66231171E-03
+2.52800E-06,-13.70251272E-03
+2.52900E-06,-13.05929665E-03
+2.53000E-06,-13.05929665E-03
+2.53100E-06,-13.70251272E-03
+2.53200E-06,-14.30552779E-03
+2.53300E-06,-14.34572879E-03
+2.53400E-06,-14.94874386E-03
+2.53500E-06,-14.98894487E-03
+2.53600E-06,-15.63216094E-03
+2.53700E-06,-15.63216094E-03
+2.53800E-06,-14.98894487E-03
+2.53900E-06,-14.98894487E-03
+2.54000E-06,-16.23517601E-03
+2.54100E-06,-16.27537701E-03
+2.54200E-06,-17.52160816E-03
+2.54300E-06,-17.52160816E-03
+2.54400E-06,-16.91859309E-03
+2.54500E-06,-16.91859309E-03
+2.54600E-06,-17.56180916E-03
+2.54700E-06,-17.56180916E-03
+2.54800E-06,-17.56180916E-03
+2.54900E-06,-18.80804030E-03
+2.55000E-06,-19.45125638E-03
+2.55100E-06,-19.45125638E-03
+2.55200E-06,-19.49145738E-03
+2.55300E-06,-18.84824131E-03
+2.55400E-06,-19.49145738E-03
+2.55500E-06,-20.13467345E-03
+2.55600E-06,-20.09447245E-03
+2.55700E-06,-20.13467345E-03
+2.55800E-06,-20.77788953E-03
+2.55900E-06,-21.38090460E-03
+2.56000E-06,-21.42110560E-03
+2.56100E-06,-21.42110560E-03
+2.56200E-06,-22.02412067E-03
+2.56300E-06,-22.02412067E-03
+2.56400E-06,-22.66733674E-03
+2.56500E-06,-22.66733674E-03
+2.56600E-06,-23.31055282E-03
+2.56700E-06,-23.95376889E-03
+2.56800E-06,-23.35075382E-03
+2.56900E-06,-23.31055282E-03
+2.57000E-06,-23.99396989E-03
+2.57100E-06,-22.70753775E-03
+2.57200E-06,-23.35075382E-03
+2.57300E-06,-24.63718597E-03
+2.57400E-06,-24.63718597E-03
+2.57500E-06,-25.24020104E-03
+2.57600E-06,-25.28040204E-03
+2.57700E-06,-24.63718597E-03
+2.57800E-06,-25.28040204E-03
+2.57900E-06,-25.28040204E-03
+2.58000E-06,-25.28040204E-03
+2.58100E-06,-25.28040204E-03
+2.58200E-06,-26.52663318E-03
+2.58300E-06,-27.16984926E-03
+2.58400E-06,-26.56683419E-03
+2.58500E-06,-25.92361812E-03
+2.58600E-06,-25.28040204E-03
+2.58700E-06,-25.28040204E-03
+2.58800E-06,-25.28040204E-03
+2.58900E-06,-25.28040204E-03
+2.59000E-06,-25.28040204E-03
+2.59100E-06,-26.52663318E-03
+2.59200E-06,-25.92361812E-03
+2.59300E-06,-25.28040204E-03
+2.59400E-06,-24.63718597E-03
+2.59500E-06,-24.63718597E-03
+2.59600E-06,-24.63718597E-03
+2.59700E-06,-23.99396989E-03
+2.59800E-06,-24.63718597E-03
+2.59900E-06,-24.59698496E-03
+2.60000E-06,-23.99396989E-03
+2.60100E-06,-22.70753775E-03
+2.60200E-06,-22.70753775E-03
+2.60300E-06,-22.66733674E-03
+2.60400E-06,-22.06432167E-03
+2.60500E-06,-22.06432167E-03
+2.60600E-06,-21.42110560E-03
+2.60700E-06,-22.06432167E-03
+2.60800E-06,-20.77788953E-03
+2.60900E-06,-20.77788953E-03
+2.61000E-06,-20.13467345E-03
+2.61100E-06,-19.49145738E-03
+2.61200E-06,-19.49145738E-03
+2.61300E-06,-18.84824131E-03
+2.61400E-06,-18.84824131E-03
+2.61500E-06,-18.84824131E-03
+2.61600E-06,-18.20502523E-03
+2.61700E-06,-16.27537701E-03
+2.61800E-06,-16.27537701E-03
+2.61900E-06,-15.63216094E-03
+2.62000E-06,-14.98894487E-03
+2.62100E-06,-14.34572879E-03
+2.62200E-06,-14.34572879E-03
+2.62300E-06,-14.30552779E-03
+2.62400E-06,-13.70251272E-03
+2.62500E-06,-12.41608057E-03
+2.62600E-06,-11.77286450E-03
+2.62700E-06,-11.77286450E-03
+2.62800E-06,-10.48643235E-03
+2.62900E-06,-10.48643235E-03
+2.63000E-06,-9.84321628E-03
+2.63100E-06,-10.44623135E-03
+2.63200E-06,-9.20000020E-03
+2.63300E-06,-8.59698514E-03
+2.63400E-06,-7.91356806E-03
+2.63500E-06,-7.31055299E-03
+2.63600E-06,-6.62713591E-03
+2.63700E-06,-7.31055299E-03
+2.63800E-06,-6.66733691E-03
+2.63900E-06,-6.62713591E-03
+2.64000E-06,-4.73768869E-03
+2.64100E-06,-4.09447262E-03
+2.64200E-06,-4.09447262E-03
+2.64300E-06,-3.45125655E-03
+2.64400E-06,-2.80804047E-03
+2.64500E-06,-2.80804047E-03
+2.64600E-06,-2.80804047E-03
+2.64700E-06,-3.41105554E-03
+2.64800E-06,-2.16482440E-03
+2.64900E-06,-878.39225E-06
+2.65000E-06,-838.19125E-06
+2.65100E-06,-194.97517E-06
+2.65200E-06,+408.03989E-06
+2.65300E-06,-194.97517E-06
+2.65400E-06,+448.24090E-06
+2.65500E-06,+448.24090E-06
+2.65600E-06,+1.05125597E-03
+2.65700E-06,+1.69447204E-03
+2.65800E-06,+2.98090419E-03
+2.65900E-06,+2.98090419E-03
+2.66000E-06,+3.62412026E-03
+2.66100E-06,+3.62412026E-03
+2.66200E-06,+2.98090419E-03
+2.66300E-06,+2.37788912E-03
+2.66400E-06,+3.66432127E-03
+2.66500E-06,+3.66432127E-03
+2.66600E-06,+4.26733634E-03
+2.66700E-06,+4.95075341E-03
+2.66800E-06,+5.59396949E-03
+2.66900E-06,+6.84020063E-03
+2.67000E-06,+6.19698456E-03
+2.67100E-06,+6.23718556E-03
+2.67200E-06,+6.23718556E-03
+2.67300E-06,+6.23718556E-03
+2.67400E-06,+6.84020063E-03
+2.67500E-06,+6.88040163E-03
+2.67600E-06,+7.52361771E-03
+2.67700E-06,+8.12663278E-03
+2.67800E-06,+7.52361771E-03
+2.67900E-06,+7.52361771E-03
+2.68000E-06,+8.76984885E-03
+2.68100E-06,+9.45326593E-03
+2.68200E-06,+9.45326593E-03
+2.68300E-06,+9.45326593E-03
+2.68400E-06,+9.45326593E-03
+2.68500E-06,+9.45326593E-03
+2.68600E-06,+10.09648200E-03
+2.68700E-06,+10.09648200E-03
+2.68800E-06,+10.69949707E-03
+2.68900E-06,+11.38291415E-03
+2.69000E-06,+11.38291415E-03
+2.69100E-06,+12.02613022E-03
+2.69200E-06,+12.66934630E-03
+2.69300E-06,+12.02613022E-03
+2.69400E-06,+12.02613022E-03
+2.69500E-06,+12.02613022E-03
+2.69600E-06,+12.62914529E-03
+2.69700E-06,+12.62914529E-03
+2.69800E-06,+13.27236136E-03
+2.69900E-06,+13.91557744E-03
+2.70000E-06,+13.31256237E-03
+2.70100E-06,+13.27236136E-03
+2.70200E-06,+12.62914529E-03
+2.70300E-06,+12.66934630E-03
+2.70400E-06,+12.66934630E-03
+2.70500E-06,+13.31256237E-03
+2.70600E-06,+13.27236136E-03
+2.70700E-06,+12.66934630E-03
+2.70800E-06,+13.31256237E-03
+2.70900E-06,+12.66934630E-03
+2.71000E-06,+12.62914529E-03
+2.71100E-06,+11.38291415E-03
+2.71200E-06,+12.02613022E-03
+2.71300E-06,+12.02613022E-03
+2.71400E-06,+12.62914529E-03
+2.71500E-06,+12.66934630E-03
+2.71600E-06,+12.66934630E-03
+2.71700E-06,+12.02613022E-03
+2.71800E-06,+11.98592922E-03
+2.71900E-06,+11.38291415E-03
+2.72000E-06,+11.34271314E-03
+2.72100E-06,+11.38291415E-03
+2.72200E-06,+11.34271314E-03
+2.72300E-06,+11.34271314E-03
+2.72400E-06,+10.73969807E-03
+2.72500E-06,+10.73969807E-03
+2.72600E-06,+10.73969807E-03
+2.72700E-06,+10.09648200E-03
+2.72800E-06,+10.05628100E-03
+2.72900E-06,+9.45326593E-03
+2.73000E-06,+10.05628100E-03
+2.73100E-06,+10.09648200E-03
+2.73200E-06,+8.81004985E-03
+2.73300E-06,+8.16683378E-03
+2.73400E-06,+7.52361771E-03
+2.73500E-06,+6.88040163E-03
+2.73600E-06,+7.52361771E-03
+2.73700E-06,+7.48341670E-03
+2.73800E-06,+6.88040163E-03
+2.73900E-06,+6.23718556E-03
+2.74000E-06,+6.23718556E-03
+2.74100E-06,+5.59396949E-03
+2.74200E-06,+4.95075341E-03
+2.74300E-06,+4.30753734E-03
+2.74400E-06,+4.26733634E-03
+2.74500E-06,+4.30753734E-03
+2.74600E-06,+3.62412026E-03
+2.74700E-06,+3.66432127E-03
+2.74800E-06,+3.02110519E-03
+2.74900E-06,+2.37788912E-03
+2.75000E-06,+1.73467305E-03
+2.75100E-06,+448.24090E-06
+2.75200E-06,+448.24090E-06
+2.75300E-06,+448.24090E-06
+2.75400E-06,+408.03989E-06
+2.75500E-06,-194.97517E-06
+2.75600E-06,-235.17618E-06
+2.75700E-06,-1.48140732E-03
+2.75800E-06,-1.48140732E-03
+2.75900E-06,-2.76783947E-03
+2.76000E-06,-2.76783947E-03
+2.76100E-06,-2.12462340E-03
+2.76200E-06,-2.76783947E-03
+2.76300E-06,-2.80804047E-03
+2.76400E-06,-2.80804047E-03
+2.76500E-06,-4.05427162E-03
+2.76600E-06,-4.05427162E-03
+2.76700E-06,-4.69748769E-03
+2.76800E-06,-4.73768869E-03
+2.76900E-06,-4.69748769E-03
+2.77000E-06,-5.34070376E-03
+2.77100E-06,-5.34070376E-03
+2.77200E-06,-5.34070376E-03
+2.77300E-06,-5.98391984E-03
+2.77400E-06,-6.62713591E-03
+2.77500E-06,-7.27035198E-03
+2.77600E-06,-6.66733691E-03
+2.77700E-06,-7.27035198E-03
+2.77800E-06,-7.31055299E-03
+2.77900E-06,-7.31055299E-03
+2.78000E-06,-7.27035198E-03
+2.78100E-06,-7.95376906E-03
+2.78200E-06,-7.91356806E-03
+2.78300E-06,-9.20000020E-03
+2.78400E-06,-9.20000020E-03
+2.78500E-06,-8.55678413E-03
+2.78600E-06,-9.20000020E-03
+2.78700E-06,-9.84321628E-03
+2.78800E-06,-9.84321628E-03
+2.78900E-06,-9.84321628E-03
+2.79000E-06,-10.48643235E-03
+2.79100E-06,-11.08944742E-03
+2.79200E-06,-11.12964842E-03
+2.79300E-06,-10.48643235E-03
+2.79400E-06,-10.48643235E-03
+2.79500E-06,-10.48643235E-03
+2.79600E-06,-11.08944742E-03
+2.79700E-06,-11.77286450E-03
+2.79800E-06,-11.77286450E-03
+2.79900E-06,-13.01909564E-03
+2.80000E-06,-12.41608057E-03
+2.80100E-06,-12.41608057E-03
+2.80200E-06,-13.05929665E-03
+2.80300E-06,-13.66231171E-03
+2.80400E-06,-13.70251272E-03
+2.80500E-06,-13.70251272E-03
+2.80600E-06,-14.30552779E-03
+2.80700E-06,-14.34572879E-03
+2.80800E-06,-14.34572879E-03
+2.80900E-06,-14.34572879E-03
+2.81000E-06,-14.34572879E-03
+2.81100E-06,-14.94874386E-03
+2.81200E-06,-14.94874386E-03
+2.81300E-06,-15.63216094E-03
+2.81400E-06,-14.98894487E-03
+2.81500E-06,-16.23517601E-03
+2.81600E-06,-15.63216094E-03
+2.81700E-06,-16.23517601E-03
+2.81800E-06,-16.91859309E-03
+2.81900E-06,-16.91859309E-03
+2.82000E-06,-16.27537701E-03
+2.82100E-06,-17.56180916E-03
+2.82200E-06,-17.56180916E-03
+2.82300E-06,-17.52160816E-03
+2.82400E-06,-17.56180916E-03
+2.82500E-06,-16.91859309E-03
+2.82600E-06,-17.52160816E-03
+2.82700E-06,-17.56180916E-03
+2.82800E-06,-17.56180916E-03
+2.82900E-06,-17.56180916E-03
+2.83000E-06,-17.56180916E-03
+2.83100E-06,-17.56180916E-03
+2.83200E-06,-16.91859309E-03
+2.83300E-06,-16.91859309E-03
+2.83400E-06,-16.27537701E-03
+2.83500E-06,-16.87839208E-03
+2.83600E-06,-16.27537701E-03
+2.83700E-06,-16.27537701E-03
+2.83800E-06,-16.27537701E-03
+2.83900E-06,-16.27537701E-03
+2.84000E-06,-15.63216094E-03
+2.84100E-06,-14.34572879E-03
+2.84200E-06,-14.34572879E-03
+2.84300E-06,-14.34572879E-03
+2.84400E-06,-14.34572879E-03
+2.84500E-06,-13.70251272E-03
+2.84600E-06,-13.70251272E-03
+2.84700E-06,-14.30552779E-03
+2.84800E-06,-13.70251272E-03
+2.84900E-06,-12.41608057E-03
+2.85000E-06,-11.77286450E-03
+2.85100E-06,-11.73266349E-03
+2.85200E-06,-11.08944742E-03
+2.85300E-06,-11.12964842E-03
+2.85400E-06,-11.12964842E-03
+2.85500E-06,-11.12964842E-03
+2.85600E-06,-10.48643235E-03
+2.85700E-06,-9.20000020E-03
+2.85800E-06,-9.20000020E-03
+2.85900E-06,-8.55678413E-03
+2.86000E-06,-7.31055299E-03
+2.86100E-06,-7.91356806E-03
+2.86200E-06,-7.31055299E-03
+2.86300E-06,-7.27035198E-03
+2.86400E-06,-6.02412084E-03
+2.86500E-06,-5.34070376E-03
+2.86600E-06,-4.73768869E-03
+2.86700E-06,-3.45125655E-03
+2.86800E-06,-2.80804047E-03
+2.86900E-06,-3.45125655E-03
+2.87000E-06,-2.80804047E-03
+2.87100E-06,-2.76783947E-03
+2.87200E-06,-2.76783947E-03
+2.87300E-06,-1.48140732E-03
+2.87400E-06,-838.19125E-06
+2.87500E-06,-838.19125E-06
+2.87600E-06,+408.03989E-06
+2.87700E-06,+1.05125597E-03
+2.87800E-06,+1.09145697E-03
+2.87900E-06,+1.09145697E-03
+2.88000E-06,+2.33768811E-03
+2.88100E-06,+2.98090419E-03
+2.88200E-06,+2.98090419E-03
+2.88300E-06,+3.66432127E-03
+2.88400E-06,+4.26733634E-03
+2.88500E-06,+3.66432127E-03
+2.88600E-06,+4.30753734E-03
+2.88700E-06,+4.30753734E-03
+2.88800E-06,+4.91055241E-03
+2.88900E-06,+5.55376848E-03
+2.89000E-06,+6.19698456E-03
+2.89100E-06,+6.23718556E-03
+2.89200E-06,+6.88040163E-03
+2.89300E-06,+7.48341670E-03
+2.89400E-06,+7.48341670E-03
+2.89500E-06,+6.88040163E-03
+2.89600E-06,+8.12663278E-03
+2.89700E-06,+8.16683378E-03
+2.89800E-06,+8.81004985E-03
+2.89900E-06,+9.45326593E-03
+2.90000E-06,+10.05628100E-03
+2.90100E-06,+10.05628100E-03
+2.90200E-06,+10.05628100E-03
+2.90300E-06,+10.09648200E-03
+2.90400E-06,+10.69949707E-03
+2.90500E-06,+11.38291415E-03
+2.90600E-06,+11.38291415E-03
+2.90700E-06,+13.27236136E-03
+2.90800E-06,+13.27236136E-03
+2.90900E-06,+13.27236136E-03
+2.91000E-06,+12.66934630E-03
+2.91100E-06,+12.02613022E-03
+2.91200E-06,+13.27236136E-03
+2.91300E-06,+13.31256237E-03
+2.91400E-06,+13.95577844E-03
+2.91500E-06,+14.55879351E-03
+2.91600E-06,+15.24221059E-03
+2.91700E-06,+15.84522566E-03
+2.91800E-06,+15.24221059E-03
+2.91900E-06,+15.24221059E-03
+2.92000E-06,+15.84522566E-03
+2.92100E-06,+16.48844173E-03
+2.92200E-06,+16.48844173E-03
+2.92300E-06,+17.13165781E-03
+2.92400E-06,+17.17185881E-03
+2.92500E-06,+17.13165781E-03
+2.92600E-06,+16.52864274E-03
+2.92700E-06,+17.17185881E-03
+2.92800E-06,+17.81507488E-03
+2.92900E-06,+18.41808995E-03
+2.93000E-06,+18.41808995E-03
+2.93100E-06,+19.06130603E-03
+2.93200E-06,+19.10150703E-03
+2.93300E-06,+19.10150703E-03
+2.93400E-06,+19.70452210E-03
+2.93500E-06,+18.45829096E-03
+2.93600E-06,+19.06130603E-03
+2.93700E-06,+19.70452210E-03
+2.93800E-06,+19.74472310E-03
+2.93900E-06,+19.74472310E-03
+2.94000E-06,+19.74472310E-03
+2.94100E-06,+19.74472310E-03
+2.94200E-06,+20.34773817E-03
+2.94300E-06,+19.10150703E-03
+2.94400E-06,+19.74472310E-03
+2.94500E-06,+19.74472310E-03
+2.94600E-06,+20.34773817E-03
+2.94700E-06,+20.38793918E-03
+2.94800E-06,+19.74472310E-03
+2.94900E-06,+19.10150703E-03
+2.95000E-06,+19.10150703E-03
+2.95100E-06,+19.10150703E-03
+2.95200E-06,+19.70452210E-03
+2.95300E-06,+19.70452210E-03
+2.95400E-06,+19.70452210E-03
+2.95500E-06,+19.74472310E-03
+2.95600E-06,+19.10150703E-03
+2.95700E-06,+19.06130603E-03
+2.95800E-06,+17.81507488E-03
+2.95900E-06,+17.81507488E-03
+2.96000E-06,+18.41808995E-03
+2.96100E-06,+18.41808995E-03
+2.96200E-06,+17.81507488E-03
+2.96300E-06,+17.81507488E-03
+2.96400E-06,+17.81507488E-03
+2.96500E-06,+17.81507488E-03
+2.96600E-06,+17.17185881E-03
+2.96700E-06,+16.52864274E-03
+2.96800E-06,+16.52864274E-03
+2.96900E-06,+16.52864274E-03
+2.97000E-06,+15.88542666E-03
+2.97100E-06,+15.88542666E-03
+2.97200E-06,+15.24221059E-03
+2.97300E-06,+14.59899452E-03
+2.97400E-06,+14.59899452E-03
+2.97500E-06,+13.95577844E-03
+2.97600E-06,+13.95577844E-03
+2.97700E-06,+13.95577844E-03
+2.97800E-06,+13.31256237E-03
+2.97900E-06,+13.31256237E-03
+2.98000E-06,+12.66934630E-03
+2.98100E-06,+11.38291415E-03
+2.98200E-06,+12.02613022E-03
+2.98300E-06,+10.09648200E-03
+2.98400E-06,+10.09648200E-03
+2.98500E-06,+10.09648200E-03
+2.98600E-06,+9.45326593E-03
+2.98700E-06,+9.45326593E-03
+2.98800E-06,+9.41306492E-03
+2.98900E-06,+8.81004985E-03
+2.99000E-06,+8.16683378E-03
+2.99100E-06,+7.52361771E-03
+2.99200E-06,+6.88040163E-03
+2.99300E-06,+6.23718556E-03
+2.99400E-06,+5.59396949E-03
+2.99500E-06,+5.59396949E-03
+2.99600E-06,+4.95075341E-03
+2.99700E-06,+5.55376848E-03
+2.99800E-06,+4.30753734E-03
+2.99900E-06,+3.66432127E-03
+3.00000E-06,+3.62412026E-03
+3.00100E-06,+3.02110519E-03
+3.00200E-06,+3.62412026E-03
+3.00300E-06,+3.02110519E-03
+3.00400E-06,+2.37788912E-03
+3.00500E-06,+2.33768811E-03
+3.00600E-06,+1.09145697E-03
+3.00700E-06,+448.24090E-06
+3.00800E-06,+1.05125597E-03
+3.00900E-06,+1.69447204E-03
+3.01000E-06,+1.09145697E-03
+3.01100E-06,+448.24090E-06
+3.01200E-06,-194.97517E-06
+3.01300E-06,-1.48140732E-03
+3.01400E-06,-1.48140732E-03
+3.01500E-06,-2.12462340E-03
+3.01600E-06,-2.12462340E-03
+3.01700E-06,-2.12462340E-03
+3.01800E-06,-2.12462340E-03
+3.01900E-06,-2.12462340E-03
+3.02000E-06,-2.76783947E-03
+3.02100E-06,-3.41105554E-03
+3.02200E-06,-3.41105554E-03
+3.02300E-06,-4.69748769E-03
+3.02400E-06,-4.09447262E-03
+3.02500E-06,-4.05427162E-03
+3.02600E-06,-4.05427162E-03
+3.02700E-06,-4.69748769E-03
+3.02800E-06,-4.69748769E-03
+3.02900E-06,-5.38090477E-03
+3.03000E-06,-5.38090477E-03
+3.03100E-06,-6.62713591E-03
+3.03200E-06,-6.62713591E-03
+3.03300E-06,-6.62713591E-03
+3.03400E-06,-6.02412084E-03
+3.03500E-06,-6.62713591E-03
+3.03600E-06,-5.98391984E-03
+3.03700E-06,-7.27035198E-03
+3.03800E-06,-7.27035198E-03
+3.03900E-06,-7.95376906E-03
+3.04000E-06,-8.55678413E-03
+3.04100E-06,-7.91356806E-03
+3.04200E-06,-7.95376906E-03
+3.04300E-06,-9.20000020E-03
+3.04400E-06,-8.55678413E-03
+3.04500E-06,-9.80301527E-03
+3.04600E-06,-9.20000020E-03
+3.04700E-06,-10.44623135E-03
+3.04800E-06,-9.84321628E-03
+3.04900E-06,-10.48643235E-03
+3.05000E-06,-10.48643235E-03
+3.05100E-06,-10.48643235E-03
+3.05200E-06,-10.48643235E-03
+3.05300E-06,-11.12964842E-03
+3.05400E-06,-11.73266349E-03
+3.05500E-06,-12.37587957E-03
+3.05600E-06,-12.37587957E-03
+3.05700E-06,-11.77286450E-03
+3.05800E-06,-11.77286450E-03
+3.05900E-06,-12.37587957E-03
+3.06000E-06,-12.37587957E-03
+3.06100E-06,-12.41608057E-03
+3.06200E-06,-13.66231171E-03
+3.06300E-06,-14.30552779E-03
+3.06400E-06,-13.70251272E-03
+3.06500E-06,-13.05929665E-03
+3.06600E-06,-13.70251272E-03
+3.06700E-06,-13.70251272E-03
+3.06800E-06,-13.70251272E-03
+3.06900E-06,-14.34572879E-03
+3.07000E-06,-13.70251272E-03
+3.07100E-06,-14.30552779E-03
+3.07200E-06,-13.05929665E-03
+3.07300E-06,-13.05929665E-03
+3.07400E-06,-13.66231171E-03
+3.07500E-06,-13.66231171E-03
+3.07600E-06,-13.70251272E-03
+3.07700E-06,-13.05929665E-03
+3.07800E-06,-13.05929665E-03
+3.07900E-06,-13.01909564E-03
+3.08000E-06,-12.41608057E-03
+3.08100E-06,-11.77286450E-03
+3.08200E-06,-11.77286450E-03
+3.08300E-06,-11.73266349E-03
+3.08400E-06,-11.73266349E-03
+3.08500E-06,-11.12964842E-03
+3.08600E-06,-11.12964842E-03
+3.08700E-06,-11.73266349E-03
+3.08800E-06,-11.12964842E-03
+3.08900E-06,-10.48643235E-03
+3.09000E-06,-10.48643235E-03
+3.09100E-06,-9.20000020E-03
+3.09200E-06,-8.59698514E-03
+3.09300E-06,-8.55678413E-03
+3.09400E-06,-8.55678413E-03
+3.09500E-06,-8.55678413E-03
+3.09600E-06,-8.55678413E-03
+3.09700E-06,-7.91356806E-03
+3.09800E-06,-6.66733691E-03
+3.09900E-06,-6.02412084E-03
+3.10000E-06,-5.38090477E-03
+3.10100E-06,-5.38090477E-03
+3.10200E-06,-5.34070376E-03
+3.10300E-06,-5.34070376E-03
+3.10400E-06,-4.09447262E-03
+3.10500E-06,-2.80804047E-03
+3.10600E-06,-2.76783947E-03
+3.10700E-06,-2.76783947E-03
+3.10800E-06,-1.52160833E-03
+3.10900E-06,-1.48140732E-03
+3.11000E-06,-878.39225E-06
+3.11100E-06,-838.19125E-06
+3.11200E-06,+408.03989E-06
+3.11300E-06,+1.69447204E-03
+3.11400E-06,+2.33768811E-03
+3.11500E-06,+2.37788912E-03
+3.11600E-06,+2.37788912E-03
+3.11700E-06,+2.98090419E-03
+3.11800E-06,+3.02110519E-03
+3.11900E-06,+2.37788912E-03
+3.12000E-06,+3.02110519E-03
+3.12100E-06,+3.66432127E-03
+3.12200E-06,+4.95075341E-03
+3.12300E-06,+5.59396949E-03
+3.12400E-06,+6.19698456E-03
+3.12500E-06,+5.59396949E-03
+3.12600E-06,+5.59396949E-03
+3.12700E-06,+6.23718556E-03
+3.12800E-06,+6.23718556E-03
+3.12900E-06,+6.84020063E-03
+3.13000E-06,+7.48341670E-03
+3.13100E-06,+8.16683378E-03
+3.13200E-06,+8.16683378E-03
+3.13300E-06,+8.81004985E-03
+3.13400E-06,+8.81004985E-03
+3.13500E-06,+8.81004985E-03
+3.13600E-06,+8.81004985E-03
+3.13700E-06,+10.05628100E-03
+3.13800E-06,+10.05628100E-03
+3.13900E-06,+10.09648200E-03
+3.14000E-06,+10.73969807E-03
+3.14100E-06,+11.34271314E-03
+3.14200E-06,+11.38291415E-03
+3.14300E-06,+10.73969807E-03
+3.14400E-06,+11.38291415E-03
+3.14500E-06,+12.02613022E-03
+3.14600E-06,+12.66934630E-03
+3.14700E-06,+13.27236136E-03
+3.14800E-06,+13.31256237E-03
+3.14900E-06,+13.91557744E-03
+3.15000E-06,+13.95577844E-03
+3.15100E-06,+13.31256237E-03
+3.15200E-06,+14.59899452E-03
+3.15300E-06,+14.59899452E-03
+3.15400E-06,+15.20200958E-03
+3.15500E-06,+15.20200958E-03
+3.15600E-06,+15.88542666E-03
+3.15700E-06,+15.84522566E-03
+3.15800E-06,+15.88542666E-03
+3.15900E-06,+15.88542666E-03
+3.16000E-06,+15.88542666E-03
+3.16100E-06,+17.13165781E-03
+3.16200E-06,+17.13165781E-03
+3.16300E-06,+17.77487388E-03
+3.16400E-06,+17.81507488E-03
+3.16500E-06,+17.77487388E-03
+3.16600E-06,+17.81507488E-03
+3.16700E-06,+17.81507488E-03
+3.16800E-06,+18.41808995E-03
+3.16900E-06,+19.06130603E-03
+3.17000E-06,+19.06130603E-03
+3.17100E-06,+19.74472310E-03
+3.17200E-06,+19.10150703E-03
+3.17300E-06,+19.70452210E-03
+3.17400E-06,+19.74472310E-03
+3.17500E-06,+19.10150703E-03
+3.17600E-06,+19.74472310E-03
+3.17700E-06,+20.34773817E-03
+3.17800E-06,+20.38793918E-03
+3.17900E-06,+20.38793918E-03
+3.18000E-06,+20.38793918E-03
+3.18100E-06,+20.38793918E-03
+3.18200E-06,+20.34773817E-03
+3.18300E-06,+19.74472310E-03
+3.18400E-06,+20.34773817E-03
+3.18500E-06,+20.99095425E-03
+3.18600E-06,+20.99095425E-03
+3.18700E-06,+20.38793918E-03
+3.18800E-06,+20.38793918E-03
+3.18900E-06,+20.99095425E-03
+3.19000E-06,+20.38793918E-03
+3.19100E-06,+19.74472310E-03
+3.19200E-06,+19.74472310E-03
+3.19300E-06,+20.34773817E-03
+3.19400E-06,+19.74472310E-03
+3.19500E-06,+20.34773817E-03
+3.19600E-06,+19.74472310E-03
+3.19700E-06,+19.70452210E-03
+3.19800E-06,+19.10150703E-03
+3.19900E-06,+17.81507488E-03
+3.20000E-06,+17.81507488E-03
+3.20100E-06,+18.45829096E-03
+3.20200E-06,+18.45829096E-03
+3.20300E-06,+17.81507488E-03
+3.20400E-06,+17.81507488E-03
+3.20500E-06,+17.17185881E-03
+3.20600E-06,+17.17185881E-03
+3.20700E-06,+15.88542666E-03
+3.20800E-06,+15.88542666E-03
+3.20900E-06,+15.88542666E-03
+3.21000E-06,+15.88542666E-03
+3.21100E-06,+15.88542666E-03
+3.21200E-06,+15.24221059E-03
+3.21300E-06,+14.55879351E-03
+3.21400E-06,+13.95577844E-03
+3.21500E-06,+13.31256237E-03
+3.21600E-06,+13.31256237E-03
+3.21700E-06,+13.27236136E-03
+3.21800E-06,+12.66934630E-03
+3.21900E-06,+13.27236136E-03
+3.22000E-06,+12.62914529E-03
+3.22100E-06,+11.38291415E-03
+3.22200E-06,+11.38291415E-03
+3.22300E-06,+10.09648200E-03
+3.22400E-06,+10.09648200E-03
+3.22500E-06,+10.09648200E-03
+3.22600E-06,+10.05628100E-03
+3.22700E-06,+8.81004985E-03
+3.22800E-06,+8.81004985E-03
+3.22900E-06,+7.48341670E-03
+3.23000E-06,+6.23718556E-03
+3.23100E-06,+5.59396949E-03
+3.23200E-06,+5.59396949E-03
+3.23300E-06,+6.19698456E-03
+3.23400E-06,+4.95075341E-03
+3.23500E-06,+4.95075341E-03
+3.23600E-06,+4.95075341E-03
+3.23700E-06,+4.26733634E-03
+3.23800E-06,+3.02110519E-03
+3.23900E-06,+2.37788912E-03
+3.24000E-06,+2.37788912E-03
+3.24100E-06,+2.37788912E-03
+3.24200E-06,+1.73467305E-03
+3.24300E-06,+1.09145697E-03
+3.24400E-06,+1.09145697E-03
+3.24500E-06,+448.24090E-06
+3.24600E-06,+448.24090E-06
+3.24700E-06,-1.48140732E-03
+3.24800E-06,-878.39225E-06
+3.24900E-06,-838.19125E-06
+3.25000E-06,-878.39225E-06
+3.25100E-06,-1.48140732E-03
+3.25200E-06,-1.48140732E-03
+3.25300E-06,-2.12462340E-03
+3.25400E-06,-2.16482440E-03
+3.25500E-06,-3.41105554E-03
+3.25600E-06,-3.41105554E-03
+3.25700E-06,-3.41105554E-03
+3.25800E-06,-3.45125655E-03
+3.25900E-06,-3.45125655E-03
+3.26000E-06,-4.05427162E-03
+3.26100E-06,-4.73768869E-03
+3.26200E-06,-5.38090477E-03
+3.26300E-06,-6.62713591E-03
+3.26400E-06,-6.02412084E-03
+3.26500E-06,-6.02412084E-03
+3.26600E-06,-6.62713591E-03
+3.26700E-06,-5.98391984E-03
+3.26800E-06,-6.62713591E-03
+3.26900E-06,-7.27035198E-03
+3.27000E-06,-7.91356806E-03
+3.27100E-06,-9.20000020E-03
+3.27200E-06,-8.59698514E-03
+3.27300E-06,-8.55678413E-03
+3.27400E-06,-8.59698514E-03
+3.27500E-06,-8.55678413E-03
+3.27600E-06,-8.55678413E-03
+3.27700E-06,-9.20000020E-03
+3.27800E-06,-9.84321628E-03
+3.27900E-06,-10.44623135E-03
+3.28000E-06,-11.08944742E-03
+3.28100E-06,-10.48643235E-03
+3.28200E-06,-11.12964842E-03
+3.28300E-06,-11.12964842E-03
+3.28400E-06,-11.12964842E-03
+3.28500E-06,-11.12964842E-03
+3.28600E-06,-12.41608057E-03
+3.28700E-06,-13.01909564E-03
+3.28800E-06,-13.05929665E-03
+3.28900E-06,-13.05929665E-03
+3.29000E-06,-13.05929665E-03
+3.29100E-06,-13.05929665E-03
+3.29200E-06,-13.05929665E-03
+3.29300E-06,-13.70251272E-03
+3.29400E-06,-13.70251272E-03
+3.29500E-06,-14.94874386E-03
+3.29600E-06,-14.98894487E-03
+3.29700E-06,-14.34572879E-03
+3.29800E-06,-14.34572879E-03
+3.29900E-06,-15.59195993E-03
+3.30000E-06,-15.63216094E-03
+3.30100E-06,-16.27537701E-03
+3.30200E-06,-16.91859309E-03
+3.30300E-06,-17.52160816E-03
+3.30400E-06,-16.91859309E-03
+3.30500E-06,-16.91859309E-03
+3.30600E-06,-16.27537701E-03
+3.30700E-06,-16.27537701E-03
+3.30800E-06,-16.91859309E-03
+3.30900E-06,-17.52160816E-03
+3.31000E-06,-16.91859309E-03
+3.31100E-06,-18.16482423E-03
+3.31200E-06,-16.91859309E-03
+3.31300E-06,-16.91859309E-03
+3.31400E-06,-16.91859309E-03
+3.31500E-06,-16.27537701E-03
+3.31600E-06,-15.63216094E-03
+3.31700E-06,-16.27537701E-03
+3.31800E-06,-16.87839208E-03
+3.31900E-06,-17.52160816E-03
+3.32000E-06,-16.27537701E-03
+3.32100E-06,-15.63216094E-03
+3.32200E-06,-15.63216094E-03
+3.32300E-06,-15.63216094E-03
+3.32400E-06,-14.98894487E-03
+3.32500E-06,-14.98894487E-03
+3.32600E-06,-14.98894487E-03
+3.32700E-06,-14.94874386E-03
+3.32800E-06,-14.34572879E-03
+3.32900E-06,-13.70251272E-03
+3.33000E-06,-13.70251272E-03
+3.33100E-06,-13.70251272E-03
+3.33200E-06,-13.05929665E-03
+3.33300E-06,-13.05929665E-03
+3.33400E-06,-13.05929665E-03
+3.33500E-06,-12.41608057E-03
+3.33600E-06,-11.77286450E-03
+3.33700E-06,-9.84321628E-03
+3.33800E-06,-10.48643235E-03
+3.33900E-06,-9.84321628E-03
+3.34000E-06,-9.20000020E-03
+3.34100E-06,-8.59698514E-03
+3.34200E-06,-9.20000020E-03
+3.34300E-06,-9.20000020E-03
+3.34400E-06,-7.95376906E-03
+3.34500E-06,-7.91356806E-03
+3.34600E-06,-6.62713591E-03
+3.34700E-06,-5.98391984E-03
+3.34800E-06,-5.38090477E-03
+3.34900E-06,-5.34070376E-03
+3.35000E-06,-5.34070376E-03
+3.35100E-06,-4.69748769E-03
+3.35200E-06,-4.09447262E-03
+3.35300E-06,-3.45125655E-03
+3.35400E-06,-3.41105554E-03
+3.35500E-06,-2.80804047E-03
+3.35600E-06,-2.16482440E-03
+3.35700E-06,-2.16482440E-03
+3.35800E-06,-878.39225E-06
+3.35900E-06,-1.48140732E-03
+3.36000E-06,-878.39225E-06
+3.36100E-06,-838.19125E-06
+3.36200E-06,+408.03989E-06
+3.36300E-06,-194.97517E-06
+3.36400E-06,+1.09145697E-03
+3.36500E-06,+1.69447204E-03
+3.36600E-06,+1.73467305E-03
+3.36700E-06,+1.09145697E-03
+3.36800E-06,+1.73467305E-03
+3.36900E-06,+2.98090419E-03
+3.37000E-06,+3.02110519E-03
+3.37100E-06,+3.66432127E-03
+3.37200E-06,+4.26733634E-03
+3.37300E-06,+4.26733634E-03
+3.37400E-06,+4.30753734E-03
+3.37500E-06,+3.66432127E-03
+3.37600E-06,+4.91055241E-03
+3.37700E-06,+5.59396949E-03
+3.37800E-06,+5.59396949E-03
+3.37900E-06,+6.19698456E-03
+3.38000E-06,+6.84020063E-03
+3.38100E-06,+6.23718556E-03
+3.38200E-06,+6.84020063E-03
+3.38300E-06,+6.88040163E-03
+3.38400E-06,+7.52361771E-03
+3.38500E-06,+8.12663278E-03
+3.38600E-06,+8.76984885E-03
+3.38700E-06,+8.81004985E-03
+3.38800E-06,+8.81004985E-03
+3.38900E-06,+8.81004985E-03
+3.39000E-06,+9.41306492E-03
+3.39100E-06,+8.81004985E-03
+3.39200E-06,+10.05628100E-03
+3.39300E-06,+10.09648200E-03
+3.39400E-06,+10.69949707E-03
+3.39500E-06,+11.38291415E-03
+3.39600E-06,+11.38291415E-03
+3.39700E-06,+11.34271314E-03
+3.39800E-06,+11.38291415E-03
+3.39900E-06,+11.38291415E-03
+3.40000E-06,+10.73969807E-03
+3.40100E-06,+11.98592922E-03
+3.40200E-06,+11.98592922E-03
+3.40300E-06,+12.62914529E-03
+3.40400E-06,+12.66934630E-03
+3.40500E-06,+13.27236136E-03
+3.40600E-06,+12.66934630E-03
+3.40700E-06,+12.66934630E-03
+3.40800E-06,+13.27236136E-03
+3.40900E-06,+13.31256237E-03
+3.41000E-06,+13.91557744E-03
+3.41100E-06,+13.31256237E-03
+3.41200E-06,+13.91557744E-03
+3.41300E-06,+13.91557744E-03
+3.41400E-06,+13.31256237E-03
+3.41500E-06,+13.31256237E-03
+3.41600E-06,+14.55879351E-03
+3.41700E-06,+14.55879351E-03
+3.41800E-06,+14.59899452E-03
+3.41900E-06,+14.59899452E-03
+3.42000E-06,+14.59899452E-03
+3.42100E-06,+13.95577844E-03
+3.42200E-06,+13.95577844E-03
+3.42300E-06,+13.95577844E-03
+3.42400E-06,+14.55879351E-03
+3.42500E-06,+15.24221059E-03
+3.42600E-06,+15.20200958E-03
+3.42700E-06,+14.59899452E-03
+3.42800E-06,+15.20200958E-03
+3.42900E-06,+14.59899452E-03
+3.43000E-06,+13.95577844E-03
+3.43100E-06,+13.95577844E-03
+3.43200E-06,+14.55879351E-03
+3.43300E-06,+13.95577844E-03
+3.43400E-06,+13.91557744E-03
+3.43500E-06,+13.91557744E-03
+3.43600E-06,+13.91557744E-03
+3.43700E-06,+13.31256237E-03
+3.43800E-06,+13.31256237E-03
+3.43900E-06,+12.66934630E-03
+3.44000E-06,+12.62914529E-03
+3.44100E-06,+12.66934630E-03
+3.44200E-06,+12.02613022E-03
+3.44300E-06,+12.02613022E-03
+3.44400E-06,+11.38291415E-03
+3.44500E-06,+11.38291415E-03
+3.44600E-06,+10.73969807E-03
+3.44700E-06,+10.09648200E-03
+3.44800E-06,+10.09648200E-03
+3.44900E-06,+10.09648200E-03
+3.45000E-06,+10.09648200E-03
+3.45100E-06,+9.45326593E-03
+3.45200E-06,+9.45326593E-03
+3.45300E-06,+8.81004985E-03
+3.45400E-06,+8.16683378E-03
+3.45500E-06,+7.52361771E-03
+3.45600E-06,+6.84020063E-03
+3.45700E-06,+6.88040163E-03
+3.45800E-06,+6.84020063E-03
+3.45900E-06,+6.23718556E-03
+3.46000E-06,+6.23718556E-03
+3.46100E-06,+5.59396949E-03
+3.46200E-06,+5.55376848E-03
+3.46300E-06,+4.30753734E-03
+3.46400E-06,+3.66432127E-03
+3.46500E-06,+3.66432127E-03
+3.46600E-06,+3.62412026E-03
+3.46700E-06,+3.02110519E-03
+3.46800E-06,+3.02110519E-03
+3.46900E-06,+1.73467305E-03
+3.47000E-06,+448.24090E-06
+3.47100E-06,-194.97517E-06
+3.47200E-06,-194.97517E-06
+3.47300E-06,-838.19125E-06
+3.47400E-06,-838.19125E-06
+3.47500E-06,-838.19125E-06
+3.47600E-06,-878.39225E-06
+3.47700E-06,-2.12462340E-03
+3.47800E-06,-2.76783947E-03
+3.47900E-06,-4.05427162E-03
+3.48000E-06,-3.41105554E-03
+3.48100E-06,-3.41105554E-03
+3.48200E-06,-4.05427162E-03
+3.48300E-06,-4.69748769E-03
+3.48400E-06,-4.69748769E-03
+3.48500E-06,-5.38090477E-03
+3.48600E-06,-5.98391984E-03
+3.48700E-06,-7.27035198E-03
+3.48800E-06,-6.66733691E-03
+3.48900E-06,-6.62713591E-03
+3.49000E-06,-6.62713591E-03
+3.49100E-06,-8.55678413E-03
+3.49200E-06,-7.31055299E-03
+3.49300E-06,-7.95376906E-03
+3.49400E-06,-9.80301527E-03
+3.49500E-06,-10.44623135E-03
+3.49600E-06,-9.80301527E-03
+3.49700E-06,-9.20000020E-03
+3.49800E-06,-9.84321628E-03
+3.49900E-06,-10.48643235E-03
+3.50000E-06,-11.12964842E-03
+3.50100E-06,-11.77286450E-03
+3.50200E-06,-11.73266349E-03
+3.50300E-06,-11.73266349E-03
+3.50400E-06,-12.37587957E-03
+3.50500E-06,-12.41608057E-03
+3.50600E-06,-12.41608057E-03
+3.50700E-06,-13.05929665E-03
+3.50800E-06,-13.70251272E-03
+3.50900E-06,-13.66231171E-03
+3.51000E-06,-14.34572879E-03
+3.51100E-06,-14.94874386E-03
+3.51200E-06,-14.34572879E-03
+3.51300E-06,-14.34572879E-03
+3.51400E-06,-14.98894487E-03
+3.51500E-06,-14.98894487E-03
+3.51600E-06,-14.98894487E-03
+3.51700E-06,-15.63216094E-03
+3.51800E-06,-16.27537701E-03
+3.51900E-06,-16.87839208E-03
+3.52000E-06,-16.91859309E-03
+3.52100E-06,-16.91859309E-03
+3.52200E-06,-17.52160816E-03
+3.52300E-06,-17.56180916E-03
+3.52400E-06,-17.52160816E-03
+3.52500E-06,-18.16482423E-03
+3.52600E-06,-18.84824131E-03
+3.52700E-06,-19.45125638E-03
+3.52800E-06,-19.49145738E-03
+3.52900E-06,-19.49145738E-03
+3.53000E-06,-19.49145738E-03
+3.53100E-06,-19.49145738E-03
+3.53200E-06,-20.13467345E-03
+3.53300E-06,-20.13467345E-03
+3.53400E-06,-20.77788953E-03
+3.53500E-06,-21.38090460E-03
+3.53600E-06,-20.77788953E-03
+3.53700E-06,-20.13467345E-03
+3.53800E-06,-20.77788953E-03
+3.53900E-06,-22.02412067E-03
+3.54000E-06,-22.06432167E-03
+3.54100E-06,-22.70753775E-03
+3.54200E-06,-22.70753775E-03
+3.54300E-06,-23.35075382E-03
+3.54400E-06,-23.35075382E-03
+3.54500E-06,-22.66733674E-03
+3.54600E-06,-23.35075382E-03
+3.54700E-06,-23.35075382E-03
+3.54800E-06,-23.35075382E-03
+3.54900E-06,-23.35075382E-03
+3.55000E-06,-23.99396989E-03
+3.55100E-06,-23.99396989E-03
+3.55200E-06,-23.35075382E-03
+3.55300E-06,-22.70753775E-03
+3.55400E-06,-22.70753775E-03
+3.55500E-06,-23.31055282E-03
+3.55600E-06,-23.31055282E-03
+3.55700E-06,-22.70753775E-03
+3.55800E-06,-22.70753775E-03
+3.55900E-06,-23.31055282E-03
+3.56000E-06,-22.06432167E-03
+3.56100E-06,-21.42110560E-03
+3.56200E-06,-21.42110560E-03
+3.56300E-06,-21.42110560E-03
+3.56400E-06,-21.42110560E-03
+3.56500E-06,-21.42110560E-03
+3.56600E-06,-22.02412067E-03
+3.56700E-06,-22.02412067E-03
+3.56800E-06,-20.77788953E-03
+3.56900E-06,-20.13467345E-03
+3.57000E-06,-20.13467345E-03
+3.57100E-06,-19.49145738E-03
+3.57200E-06,-19.49145738E-03
+3.57300E-06,-19.49145738E-03
+3.57400E-06,-18.84824131E-03
+3.57500E-06,-18.84824131E-03
+3.57600E-06,-18.20502523E-03
+3.57700E-06,-17.56180916E-03
+3.57800E-06,-16.91859309E-03
+3.57900E-06,-16.27537701E-03
+3.58000E-06,-16.27537701E-03
+3.58100E-06,-15.63216094E-03
+3.58200E-06,-14.98894487E-03
+3.58300E-06,-15.63216094E-03
+3.58400E-06,-14.34572879E-03
+3.58500E-06,-13.70251272E-03
+3.58600E-06,-13.70251272E-03
+3.58700E-06,-13.05929665E-03
+3.58800E-06,-12.37587957E-03
+3.58900E-06,-11.77286450E-03
+3.59000E-06,-11.77286450E-03
+3.59100E-06,-11.77286450E-03
+3.59200E-06,-11.12964842E-03
+3.59300E-06,-10.48643235E-03
+3.59400E-06,-9.84321628E-03
+3.59500E-06,-9.84321628E-03
+3.59600E-06,-9.20000020E-03
+3.59700E-06,-8.59698514E-03
+3.59800E-06,-8.55678413E-03
+3.59900E-06,-8.55678413E-03
+3.60000E-06,-7.91356806E-03
+3.60100E-06,-6.62713591E-03
+3.60200E-06,-6.62713591E-03
+3.60300E-06,-6.02412084E-03
+3.60400E-06,-5.98391984E-03
+3.60500E-06,-6.02412084E-03
+3.60600E-06,-5.38090477E-03
+3.60700E-06,-5.98391984E-03
+3.60800E-06,-5.34070376E-03
+3.60900E-06,-4.09447262E-03
+3.61000E-06,-3.45125655E-03
+3.61100E-06,-2.80804047E-03
+3.61200E-06,-2.80804047E-03
+3.61300E-06,-2.16482440E-03
+3.61400E-06,-2.16482440E-03
+3.61500E-06,-2.76783947E-03
+3.61600E-06,-2.12462340E-03
+3.61700E-06,-878.39225E-06
+3.61800E-06,-878.39225E-06
+3.61900E-06,-838.19125E-06
+3.62000E-06,-235.17618E-06
+3.62100E-06,-235.17618E-06
+3.62200E-06,+408.03989E-06
+3.62300E-06,+448.24090E-06
+3.62400E-06,+448.24090E-06
+3.62500E-06,+1.05125597E-03
+3.62600E-06,+1.69447204E-03
+3.62700E-06,+2.33768811E-03
+3.62800E-06,+2.37788912E-03
+3.62900E-06,+2.33768811E-03
+3.63000E-06,+2.98090419E-03
+3.63100E-06,+1.73467305E-03
+3.63200E-06,+2.98090419E-03
+3.63300E-06,+2.37788912E-03
+3.63400E-06,+3.62412026E-03
+3.63500E-06,+4.91055241E-03
+3.63600E-06,+3.66432127E-03
+3.63700E-06,+4.26733634E-03
+3.63800E-06,+4.30753734E-03
+3.63900E-06,+3.02110519E-03
+3.64000E-06,+4.30753734E-03
+3.64100E-06,+4.95075341E-03
+3.64200E-06,+4.95075341E-03
+3.64300E-06,+5.59396949E-03
+3.64400E-06,+6.19698456E-03
+3.64500E-06,+6.19698456E-03
+3.64600E-06,+6.19698456E-03
+3.64700E-06,+6.23718556E-03
+3.64800E-06,+6.88040163E-03
+3.64900E-06,+7.48341670E-03
+3.65000E-06,+6.88040163E-03
+3.65100E-06,+6.88040163E-03
+3.65200E-06,+7.48341670E-03
+3.65300E-06,+7.48341670E-03
+3.65400E-06,+7.48341670E-03
+3.65500E-06,+6.88040163E-03
+3.65600E-06,+7.52361771E-03
+3.65700E-06,+8.16683378E-03
+3.65800E-06,+8.16683378E-03
+3.65900E-06,+8.16683378E-03
+3.66000E-06,+8.16683378E-03
+3.66100E-06,+8.76984885E-03
+3.66200E-06,+8.16683378E-03
+3.66300E-06,+7.52361771E-03
+3.66400E-06,+7.52361771E-03
+3.66500E-06,+8.16683378E-03
+3.66600E-06,+7.52361771E-03
+3.66700E-06,+8.16683378E-03
+3.66800E-06,+8.81004985E-03
+3.66900E-06,+8.12663278E-03
+3.67000E-06,+8.16683378E-03
+3.67100E-06,+7.52361771E-03
+3.67200E-06,+8.16683378E-03
+3.67300E-06,+7.52361771E-03
+3.67400E-06,+7.48341670E-03
+3.67500E-06,+6.88040163E-03
+3.67600E-06,+6.88040163E-03
+3.67700E-06,+6.88040163E-03
+3.67800E-06,+6.23718556E-03
+3.67900E-06,+5.59396949E-03
+3.68000E-06,+5.59396949E-03
+3.68100E-06,+6.23718556E-03
+3.68200E-06,+6.23718556E-03
+3.68300E-06,+6.23718556E-03
+3.68400E-06,+4.95075341E-03
+3.68500E-06,+4.95075341E-03
+3.68600E-06,+4.30753734E-03
+3.68700E-06,+3.66432127E-03
+3.68800E-06,+3.66432127E-03
+3.68900E-06,+3.66432127E-03
+3.69000E-06,+3.66432127E-03
+3.69100E-06,+3.66432127E-03
+3.69200E-06,+3.02110519E-03
+3.69300E-06,+2.37788912E-03
+3.69400E-06,+2.33768811E-03
+3.69500E-06,+1.09145697E-03
+3.69600E-06,+1.09145697E-03
+3.69700E-06,+1.09145697E-03
+3.69800E-06,+1.09145697E-03
+3.69900E-06,+448.24090E-06
+3.70000E-06,+448.24090E-06
+3.70100E-06,-194.97517E-06
+3.70200E-06,-838.19125E-06
+3.70300E-06,-2.12462340E-03
+3.70400E-06,-2.12462340E-03
+3.70500E-06,-2.12462340E-03
+3.70600E-06,-2.76783947E-03
+3.70700E-06,-2.76783947E-03
+3.70800E-06,-4.05427162E-03
+3.70900E-06,-4.69748769E-03
+3.71000E-06,-4.69748769E-03
+3.71100E-06,-5.98391984E-03
+3.71200E-06,-5.38090477E-03
+3.71300E-06,-5.38090477E-03
+3.71400E-06,-6.62713591E-03
+3.71500E-06,-7.27035198E-03
+3.71600E-06,-7.27035198E-03
+3.71700E-06,-7.31055299E-03
+3.71800E-06,-8.55678413E-03
+3.71900E-06,-9.80301527E-03
+3.72000E-06,-9.80301527E-03
+3.72100E-06,-9.20000020E-03
+3.72200E-06,-9.84321628E-03
+3.72300E-06,-9.84321628E-03
+3.72400E-06,-10.48643235E-03
+3.72500E-06,-11.12964842E-03
+3.72600E-06,-11.73266349E-03
+3.72700E-06,-12.37587957E-03
+3.72800E-06,-13.01909564E-03
+3.72900E-06,-12.41608057E-03
+3.73000E-06,-12.41608057E-03
+3.73100E-06,-13.70251272E-03
+3.73200E-06,-13.70251272E-03
+3.73300E-06,-14.98894487E-03
+3.73400E-06,-14.98894487E-03
+3.73500E-06,-15.59195993E-03
+3.73600E-06,-15.63216094E-03
+3.73700E-06,-14.34572879E-03
+3.73800E-06,-15.59195993E-03
+3.73900E-06,-15.59195993E-03
+3.74000E-06,-15.63216094E-03
+3.74100E-06,-16.91859309E-03
+3.74200E-06,-17.52160816E-03
+3.74300E-06,-18.16482423E-03
+3.74400E-06,-18.20502523E-03
+3.74500E-06,-17.56180916E-03
+3.74600E-06,-18.20502523E-03
+3.74700E-06,-18.80804030E-03
+3.74800E-06,-18.84824131E-03
+3.74900E-06,-19.49145738E-03
+3.75000E-06,-19.49145738E-03
+3.75100E-06,-20.09447245E-03
+3.75200E-06,-20.13467345E-03
+3.75300E-06,-20.77788953E-03
+3.75400E-06,-20.77788953E-03
+3.75500E-06,-20.77788953E-03
+3.75600E-06,-21.42110560E-03
+3.75700E-06,-21.42110560E-03
+3.75800E-06,-22.02412067E-03
+3.75900E-06,-22.66733674E-03
+3.76000E-06,-22.70753775E-03
+3.76100E-06,-22.06432167E-03
+3.76200E-06,-22.70753775E-03
+3.76300E-06,-22.70753775E-03
+3.76400E-06,-23.31055282E-03
+3.76500E-06,-23.35075382E-03
+3.76600E-06,-23.99396989E-03
+3.76700E-06,-23.99396989E-03
+3.76800E-06,-24.63718597E-03
+3.76900E-06,-23.99396989E-03
+3.77000E-06,-24.63718597E-03
+3.77100E-06,-25.24020104E-03
+3.77200E-06,-25.88341711E-03
+3.77300E-06,-25.92361812E-03
+3.77400E-06,-25.92361812E-03
+3.77500E-06,-26.56683419E-03
+3.77600E-06,-26.56683419E-03
+3.77700E-06,-26.56683419E-03
+3.77800E-06,-26.56683419E-03
+3.77900E-06,-27.21005026E-03
+3.78000E-06,-27.21005026E-03
+3.78100E-06,-27.21005026E-03
+3.78200E-06,-27.85326634E-03
+3.78300E-06,-28.49648241E-03
+3.78400E-06,-28.49648241E-03
+3.78500E-06,-28.49648241E-03
+3.78600E-06,-28.49648241E-03
+3.78700E-06,-28.49648241E-03
+3.78800E-06,-28.49648241E-03
+3.78900E-06,-29.13969848E-03
+3.79000E-06,-29.09949748E-03
+3.79100E-06,-29.13969848E-03
+3.79200E-06,-29.74271355E-03
+3.79300E-06,-28.49648241E-03
+3.79400E-06,-28.49648241E-03
+3.79500E-06,-27.85326634E-03
+3.79600E-06,-28.45628140E-03
+3.79700E-06,-28.49648241E-03
+3.79800E-06,-28.49648241E-03
+3.79900E-06,-28.45628140E-03
+3.80000E-06,-27.85326634E-03
+3.80100E-06,-27.21005026E-03
+3.80200E-06,-27.21005026E-03
+3.80300E-06,-27.16984926E-03
+3.80400E-06,-27.21005026E-03
+3.80500E-06,-27.21005026E-03
+3.80600E-06,-27.21005026E-03
+3.80700E-06,-27.21005026E-03
+3.80800E-06,-25.92361812E-03
+3.80900E-06,-25.28040204E-03
+3.81000E-06,-24.63718597E-03
+3.81100E-06,-24.63718597E-03
+3.81200E-06,-24.63718597E-03
+3.81300E-06,-23.99396989E-03
+3.81400E-06,-24.63718597E-03
+3.81500E-06,-24.59698496E-03
+3.81600E-06,-23.99396989E-03
+3.81700E-06,-23.35075382E-03
+3.81800E-06,-22.70753775E-03
+3.81900E-06,-21.42110560E-03
+3.82000E-06,-21.42110560E-03
+3.82100E-06,-21.42110560E-03
+3.82200E-06,-20.77788953E-03
+3.82300E-06,-20.73768852E-03
+3.82400E-06,-20.13467345E-03
+3.82500E-06,-18.84824131E-03
+3.82600E-06,-18.84824131E-03
+3.82700E-06,-17.56180916E-03
+3.82800E-06,-17.56180916E-03
+3.82900E-06,-17.56180916E-03
+3.83000E-06,-16.91859309E-03
+3.83100E-06,-17.52160816E-03
+3.83200E-06,-16.87839208E-03
+3.83300E-06,-14.98894487E-03
+3.83400E-06,-14.34572879E-03
+3.83500E-06,-14.34572879E-03
+3.83600E-06,-13.70251272E-03
+3.83700E-06,-13.05929665E-03
+3.83800E-06,-13.05929665E-03
+3.83900E-06,-13.66231171E-03
+3.84000E-06,-12.41608057E-03
+3.84100E-06,-11.12964842E-03
+3.84200E-06,-11.12964842E-03
+3.84300E-06,-11.73266349E-03
+3.84400E-06,-10.48643235E-03
+3.84500E-06,-9.84321628E-03
+3.84600E-06,-10.48643235E-03
+3.84700E-06,-10.48643235E-03
+3.84800E-06,-9.20000020E-03
+3.84900E-06,-7.95376906E-03
+3.85000E-06,-8.55678413E-03
+3.85100E-06,-7.91356806E-03
+3.85200E-06,-7.91356806E-03
+3.85300E-06,-7.95376906E-03
+3.85400E-06,-7.91356806E-03
+3.85500E-06,-7.91356806E-03
+3.85600E-06,-6.66733691E-03
+3.85700E-06,-6.02412084E-03
+3.85800E-06,-5.38090477E-03
+3.85900E-06,-5.34070376E-03
+3.86000E-06,-5.34070376E-03
+3.86100E-06,-4.73768869E-03
+3.86200E-06,-4.69748769E-03
+3.86300E-06,-4.69748769E-03
+3.86400E-06,-4.09447262E-03
+3.86500E-06,-3.41105554E-03
+3.86600E-06,-3.41105554E-03
+3.86700E-06,-3.41105554E-03
+3.86800E-06,-2.76783947E-03
+3.86900E-06,-2.76783947E-03
+3.87000E-06,-2.16482440E-03
+3.87100E-06,-2.76783947E-03
+3.87200E-06,-1.52160833E-03
+3.87300E-06,-878.39225E-06
+3.87400E-06,-878.39225E-06
+3.87500E-06,-838.19125E-06
+3.87600E-06,-194.97517E-06
+3.87700E-06,-194.97517E-06
+3.87800E-06,-194.97517E-06
+3.87900E-06,-838.19125E-06
+3.88000E-06,+408.03989E-06
+3.88100E-06,+1.05125597E-03
+3.88200E-06,+1.69447204E-03
+3.88300E-06,+1.69447204E-03
+3.88400E-06,+2.37788912E-03
+3.88500E-06,+2.37788912E-03
+3.88600E-06,+2.37788912E-03
+3.88700E-06,+1.73467305E-03
+3.88800E-06,+1.73467305E-03
+3.88900E-06,+2.37788912E-03
+3.89000E-06,+2.98090419E-03
+3.89100E-06,+3.66432127E-03
+3.89200E-06,+3.66432127E-03
+3.89300E-06,+4.26733634E-03
+3.89400E-06,+4.26733634E-03
+3.89500E-06,+3.02110519E-03
+3.89600E-06,+3.66432127E-03
+3.89700E-06,+4.91055241E-03
+3.89800E-06,+4.91055241E-03
+3.89900E-06,+4.91055241E-03
+3.90000E-06,+4.95075341E-03
+3.90100E-06,+4.91055241E-03
+3.90200E-06,+4.30753734E-03
+3.90300E-06,+4.30753734E-03
+3.90400E-06,+4.95075341E-03
+3.90500E-06,+5.59396949E-03
+3.90600E-06,+4.95075341E-03
+3.90700E-06,+5.55376848E-03
+3.90800E-06,+4.95075341E-03
+3.90900E-06,+4.95075341E-03
+3.91000E-06,+4.30753734E-03
+3.91100E-06,+3.66432127E-03
+3.91200E-06,+4.30753734E-03
+3.91300E-06,+3.66432127E-03
+3.91400E-06,+4.30753734E-03
+3.91500E-06,+3.66432127E-03
+3.91600E-06,+4.30753734E-03
+3.91700E-06,+4.30753734E-03
+3.91800E-06,+3.02110519E-03
+3.91900E-06,+3.02110519E-03
+3.92000E-06,+3.62412026E-03
+3.92100E-06,+3.02110519E-03
+3.92200E-06,+2.98090419E-03
+3.92300E-06,+3.02110519E-03
+3.92400E-06,+2.37788912E-03
+3.92500E-06,+2.37788912E-03
+3.92600E-06,+1.73467305E-03
+3.92700E-06,+1.09145697E-03
+3.92800E-06,+1.09145697E-03
+3.92900E-06,+1.09145697E-03
+3.93000E-06,+1.69447204E-03
+3.93100E-06,+1.09145697E-03
+3.93200E-06,+1.09145697E-03
+3.93300E-06,+1.05125597E-03
+3.93400E-06,+448.24090E-06
+3.93500E-06,-1.48140732E-03
+3.93600E-06,-1.48140732E-03
+3.93700E-06,-1.48140732E-03
+3.93800E-06,-878.39225E-06
+3.93900E-06,-1.48140732E-03
+3.94000E-06,-1.48140732E-03
+3.94100E-06,-2.16482440E-03
+3.94200E-06,-2.76783947E-03
+3.94300E-06,-3.41105554E-03
+3.94400E-06,-4.05427162E-03
+3.94500E-06,-4.05427162E-03
+3.94600E-06,-4.69748769E-03
+3.94700E-06,-4.69748769E-03
+3.94800E-06,-5.98391984E-03
+3.94900E-06,-5.38090477E-03
+3.95000E-06,-6.62713591E-03
+3.95100E-06,-7.91356806E-03
+3.95200E-06,-7.31055299E-03
+3.95300E-06,-7.91356806E-03
+3.95400E-06,-8.55678413E-03
+3.95500E-06,-8.55678413E-03
+3.95600E-06,-9.20000020E-03
+3.95700E-06,-9.84321628E-03
+3.95800E-06,-9.84321628E-03
+3.95900E-06,-11.08944742E-03
+3.96000E-06,-10.48643235E-03
+3.96100E-06,-11.12964842E-03
+3.96200E-06,-11.12964842E-03
+3.96300E-06,-11.12964842E-03
+3.96400E-06,-12.37587957E-03
+3.96500E-06,-13.01909564E-03
+3.96600E-06,-12.41608057E-03
+3.96700E-06,-13.66231171E-03
+3.96800E-06,-13.66231171E-03
+3.96900E-06,-13.05929665E-03
+3.97000E-06,-13.70251272E-03
+3.97100E-06,-14.34572879E-03
+3.97200E-06,-14.34572879E-03
+3.97300E-06,-15.63216094E-03
+3.97400E-06,-15.59195993E-03
+3.97500E-06,-16.23517601E-03
+3.97600E-06,-15.63216094E-03
+3.97700E-06,-16.27537701E-03
+3.97800E-06,-16.27537701E-03
+3.97900E-06,-16.27537701E-03
+3.98000E-06,-17.56180916E-03
+3.98100E-06,-17.56180916E-03
+3.98200E-06,-18.20502523E-03
+3.98300E-06,-18.80804030E-03
+3.98400E-06,-18.84824131E-03
+3.98500E-06,-18.20502523E-03
+3.98600E-06,-18.84824131E-03
+3.98700E-06,-18.84824131E-03
+3.98800E-06,-19.45125638E-03
+3.98900E-06,-19.49145738E-03
+3.99000E-06,-19.49145738E-03
+3.99100E-06,-20.73768852E-03
+3.99200E-06,-20.73768852E-03
+3.99300E-06,-20.13467345E-03
+3.99400E-06,-20.77788953E-03
+3.99500E-06,-21.38090460E-03
+3.99600E-06,-21.38090460E-03
+3.99700E-06,-21.42110560E-03
+3.99800E-06,-22.70753775E-03
+3.99900E-06,-22.70753775E-03
+4.00000E-06,-22.70753775E-03
+4.00100E-06,-22.06432167E-03
+4.00200E-06,-22.70753775E-03
+4.00300E-06,-23.31055282E-03
+4.00400E-06,-23.35075382E-03
+4.00500E-06,-23.99396989E-03
+4.00600E-06,-24.63718597E-03
+4.00700E-06,-25.88341711E-03
+4.00800E-06,-25.28040204E-03
+4.00900E-06,-23.99396989E-03
+4.01000E-06,-25.24020104E-03
+4.01100E-06,-25.88341711E-03
+4.01200E-06,-25.28040204E-03
+4.01300E-06,-25.92361812E-03
+4.01400E-06,-25.92361812E-03
+4.01500E-06,-27.16984926E-03
+4.01600E-06,-26.56683419E-03
+4.01700E-06,-26.52663318E-03
+4.01800E-06,-26.56683419E-03
+4.01900E-06,-26.56683419E-03
+4.02000E-06,-27.16984926E-03
+4.02100E-06,-27.85326634E-03
+4.02200E-06,-28.45628140E-03
+4.02300E-06,-29.09949748E-03
+4.02400E-06,-28.49648241E-03
+4.02500E-06,-28.45628140E-03
+4.02600E-06,-27.21005026E-03
+4.02700E-06,-27.85326634E-03
+4.02800E-06,-28.49648241E-03
+4.02900E-06,-28.49648241E-03
+4.03000E-06,-29.09949748E-03
+4.03100E-06,-28.49648241E-03
+4.03200E-06,-28.49648241E-03
+4.03300E-06,-27.85326634E-03
+4.03400E-06,-27.85326634E-03
+4.03500E-06,-28.45628140E-03
+4.03600E-06,-28.49648241E-03
+4.03700E-06,-27.21005026E-03
+4.03800E-06,-27.85326634E-03
+4.03900E-06,-28.45628140E-03
+4.04000E-06,-27.21005026E-03
+4.04100E-06,-26.56683419E-03
+4.04200E-06,-26.56683419E-03
+4.04300E-06,-26.56683419E-03
+4.04400E-06,-26.56683419E-03
+4.04500E-06,-25.92361812E-03
+4.04600E-06,-25.92361812E-03
+4.04700E-06,-25.92361812E-03
+4.04800E-06,-25.92361812E-03
+4.04900E-06,-24.63718597E-03
+4.05000E-06,-23.99396989E-03
+4.05100E-06,-23.99396989E-03
+4.05200E-06,-23.35075382E-03
+4.05300E-06,-22.70753775E-03
+4.05400E-06,-22.70753775E-03
+4.05500E-06,-23.95376889E-03
+4.05600E-06,-22.70753775E-03
+4.05700E-06,-22.02412067E-03
+4.05800E-06,-20.77788953E-03
+4.05900E-06,-20.77788953E-03
+4.06000E-06,-20.13467345E-03
+4.06100E-06,-19.49145738E-03
+4.06200E-06,-19.49145738E-03
+4.06300E-06,-19.45125638E-03
+4.06400E-06,-18.20502523E-03
+4.06500E-06,-17.56180916E-03
+4.06600E-06,-16.91859309E-03
+4.06700E-06,-16.91859309E-03
+4.06800E-06,-16.91859309E-03
+4.06900E-06,-15.63216094E-03
+4.07000E-06,-15.63216094E-03
+4.07100E-06,-14.98894487E-03
+4.07200E-06,-14.34572879E-03
+4.07300E-06,-13.70251272E-03
+4.07400E-06,-13.05929665E-03
+4.07500E-06,-13.05929665E-03
+4.07600E-06,-12.41608057E-03
+4.07700E-06,-11.77286450E-03
+4.07800E-06,-12.37587957E-03
+4.07900E-06,-12.37587957E-03
+4.08000E-06,-11.12964842E-03
+4.08100E-06,-10.44623135E-03
+4.08200E-06,-9.84321628E-03
+4.08300E-06,-9.80301527E-03
+4.08400E-06,-8.59698514E-03
+4.08500E-06,-8.55678413E-03
+4.08600E-06,-8.55678413E-03
+4.08700E-06,-8.55678413E-03
+4.08800E-06,-7.31055299E-03
+4.08900E-06,-6.66733691E-03
+4.09000E-06,-6.02412084E-03
+4.09100E-06,-5.98391984E-03
+4.09200E-06,-4.73768869E-03
+4.09300E-06,-5.98391984E-03
+4.09400E-06,-4.73768869E-03
+4.09500E-06,-5.34070376E-03
+4.09600E-06,-4.73768869E-03
+4.09700E-06,-3.45125655E-03
+4.09800E-06,-3.45125655E-03
+4.09900E-06,-2.80804047E-03
+4.10000E-06,-2.16482440E-03
+4.10100E-06,-2.12462340E-03
+4.10200E-06,-2.12462340E-03
+4.10300E-06,-2.76783947E-03
+4.10400E-06,-2.12462340E-03
+4.10500E-06,-878.39225E-06
+4.10600E-06,-838.19125E-06
+4.10700E-06,-194.97517E-06
+4.10800E-06,+408.03989E-06
+4.10900E-06,-194.97517E-06
+4.11000E-06,-194.97517E-06
+4.11100E-06,-194.97517E-06
+4.11200E-06,+408.03989E-06
+4.11300E-06,+1.05125597E-03
+4.11400E-06,+2.33768811E-03
+4.11500E-06,+2.33768811E-03
+4.11600E-06,+1.73467305E-03
+4.11700E-06,+2.33768811E-03
+4.11800E-06,+3.02110519E-03
+4.11900E-06,+3.02110519E-03
+4.12000E-06,+3.62412026E-03
+4.12100E-06,+3.66432127E-03
+4.12200E-06,+4.91055241E-03
+4.12300E-06,+4.30753734E-03
+4.12400E-06,+4.91055241E-03
+4.12500E-06,+4.91055241E-03
+4.12600E-06,+4.30753734E-03
+4.12700E-06,+4.30753734E-03
+4.12800E-06,+4.91055241E-03
+4.12900E-06,+5.55376848E-03
+4.13000E-06,+6.19698456E-03
+4.13100E-06,+6.23718556E-03
+4.13200E-06,+6.88040163E-03
+4.13300E-06,+6.84020063E-03
+4.13400E-06,+6.23718556E-03
+4.13500E-06,+6.23718556E-03
+4.13600E-06,+6.88040163E-03
+4.13700E-06,+7.52361771E-03
+4.13800E-06,+7.48341670E-03
+4.13900E-06,+7.52361771E-03
+4.14000E-06,+7.52361771E-03
+4.14100E-06,+7.48341670E-03
+4.14200E-06,+7.52361771E-03
+4.14300E-06,+6.88040163E-03
+4.14400E-06,+7.52361771E-03
+4.14500E-06,+8.76984885E-03
+4.14600E-06,+8.76984885E-03
+4.14700E-06,+8.81004985E-03
+4.14800E-06,+8.16683378E-03
+4.14900E-06,+8.16683378E-03
+4.15000E-06,+8.16683378E-03
+4.15100E-06,+7.52361771E-03
+4.15200E-06,+7.52361771E-03
+4.15300E-06,+8.76984885E-03
+4.15400E-06,+8.12663278E-03
+4.15500E-06,+8.16683378E-03
+4.15600E-06,+8.16683378E-03
+4.15700E-06,+8.16683378E-03
+4.15800E-06,+6.88040163E-03
+4.15900E-06,+6.88040163E-03
+4.16000E-06,+6.88040163E-03
+4.16100E-06,+7.48341670E-03
+4.16200E-06,+7.48341670E-03
+4.16300E-06,+6.88040163E-03
+4.16400E-06,+6.88040163E-03
+4.16500E-06,+6.19698456E-03
+4.16600E-06,+5.59396949E-03
+4.16700E-06,+5.59396949E-03
+4.16800E-06,+4.95075341E-03
+4.16900E-06,+5.55376848E-03
+4.17000E-06,+5.55376848E-03
+4.17100E-06,+5.59396949E-03
+4.17200E-06,+4.95075341E-03
+4.17300E-06,+4.95075341E-03
+4.17400E-06,+3.66432127E-03
+4.17500E-06,+3.02110519E-03
+4.17600E-06,+3.02110519E-03
+4.17700E-06,+3.02110519E-03
+4.17800E-06,+2.98090419E-03
+4.17900E-06,+2.98090419E-03
+4.18000E-06,+2.37788912E-03
+4.18100E-06,+2.33768811E-03
+4.18200E-06,+1.09145697E-03
+4.18300E-06,+448.24090E-06
+4.18400E-06,+448.24090E-06
+4.18500E-06,+448.24090E-06
+4.18600E-06,+408.03989E-06
+4.18700E-06,-194.97517E-06
+4.18800E-06,-838.19125E-06
+4.18900E-06,-1.48140732E-03
+4.19000E-06,-2.12462340E-03
+4.19100E-06,-2.76783947E-03
+4.19200E-06,-2.76783947E-03
+4.19300E-06,-2.76783947E-03
+4.19400E-06,-3.41105554E-03
+4.19500E-06,-4.05427162E-03
+4.19600E-06,-4.05427162E-03
+4.19700E-06,-4.69748769E-03
+4.19800E-06,-5.34070376E-03
+4.19900E-06,-6.62713591E-03
+4.20000E-06,-5.98391984E-03
+4.20100E-06,-6.02412084E-03
+4.20200E-06,-6.02412084E-03
+4.20300E-06,-6.62713591E-03
+4.20400E-06,-7.27035198E-03
+4.20500E-06,-7.91356806E-03
+4.20600E-06,-7.91356806E-03
+4.20700E-06,-9.20000020E-03
+4.20800E-06,-9.20000020E-03
+4.20900E-06,-8.59698514E-03
+4.21000E-06,-8.59698514E-03
+4.21100E-06,-9.80301527E-03
+4.21200E-06,-9.84321628E-03
+4.21300E-06,-10.48643235E-03
+4.21400E-06,-11.08944742E-03
+4.21500E-06,-11.12964842E-03
+4.21600E-06,-11.12964842E-03
+4.21700E-06,-10.48643235E-03
+4.21800E-06,-11.12964842E-03
+4.21900E-06,-11.77286450E-03
+4.22000E-06,-11.77286450E-03
+4.22100E-06,-12.41608057E-03
+4.22200E-06,-13.01909564E-03
+4.22300E-06,-13.66231171E-03
+4.22400E-06,-13.70251272E-03
+4.22500E-06,-13.05929665E-03
+4.22600E-06,-13.70251272E-03
+4.22700E-06,-14.30552779E-03
+4.22800E-06,-14.30552779E-03
+4.22900E-06,-14.98894487E-03
+4.23000E-06,-14.98894487E-03
+4.23100E-06,-15.59195993E-03
+4.23200E-06,-15.63216094E-03
+4.23300E-06,-15.63216094E-03
+4.23400E-06,-16.27537701E-03
+4.23500E-06,-16.27537701E-03
+4.23600E-06,-16.91859309E-03
+4.23700E-06,-16.27537701E-03
+4.23800E-06,-16.87839208E-03
+4.23900E-06,-17.52160816E-03
+4.24000E-06,-16.91859309E-03
+4.24100E-06,-16.91859309E-03
+4.24200E-06,-17.56180916E-03
+4.24300E-06,-17.56180916E-03
+4.24400E-06,-18.20502523E-03
+4.24500E-06,-18.84824131E-03
+4.24600E-06,-18.84824131E-03
+4.24700E-06,-18.84824131E-03
+4.24800E-06,-19.49145738E-03
+4.24900E-06,-18.84824131E-03
+4.25000E-06,-19.49145738E-03
+4.25100E-06,-19.49145738E-03
+4.25200E-06,-20.13467345E-03
+4.25300E-06,-20.13467345E-03
+4.25400E-06,-21.38090460E-03
+4.25500E-06,-22.02412067E-03
+4.25600E-06,-21.42110560E-03
+4.25700E-06,-21.42110560E-03
+4.25800E-06,-21.42110560E-03
+4.25900E-06,-21.42110560E-03
+4.26000E-06,-21.42110560E-03
+4.26100E-06,-22.06432167E-03
+4.26200E-06,-22.06432167E-03
+4.26300E-06,-23.95376889E-03
+4.26400E-06,-23.35075382E-03
+4.26500E-06,-23.31055282E-03
+4.26600E-06,-23.31055282E-03
+4.26700E-06,-22.70753775E-03
+4.26800E-06,-22.70753775E-03
+4.26900E-06,-23.31055282E-03
+4.27000E-06,-23.35075382E-03
+4.27100E-06,-23.95376889E-03
+4.27200E-06,-23.35075382E-03
+4.27300E-06,-22.70753775E-03
+4.27400E-06,-23.35075382E-03
+4.27500E-06,-23.35075382E-03
+4.27600E-06,-23.31055282E-03
+4.27700E-06,-22.70753775E-03
+4.27800E-06,-22.70753775E-03
+4.27900E-06,-23.35075382E-03
+4.28000E-06,-22.70753775E-03
+4.28100E-06,-21.42110560E-03
+4.28200E-06,-21.42110560E-03
+4.28300E-06,-21.42110560E-03
+4.28400E-06,-20.77788953E-03
+4.28500E-06,-21.42110560E-03
+4.28600E-06,-20.77788953E-03
+4.28700E-06,-20.73768852E-03
+4.28800E-06,-20.77788953E-03
+4.28900E-06,-19.49145738E-03
+4.29000E-06,-20.09447245E-03
+4.29100E-06,-19.49145738E-03
+4.29200E-06,-18.84824131E-03
+4.29300E-06,-18.84824131E-03
+4.29400E-06,-18.20502523E-03
+4.29500E-06,-18.16482423E-03
+4.29600E-06,-16.91859309E-03
+4.29700E-06,-16.27537701E-03
+4.29800E-06,-16.27537701E-03
+4.29900E-06,-15.63216094E-03
+4.30000E-06,-15.63216094E-03
+4.30100E-06,-14.98894487E-03
+4.30200E-06,-14.98894487E-03
+4.30300E-06,-14.94874386E-03
+4.30400E-06,-13.70251272E-03
+4.30500E-06,-13.05929665E-03
+4.30600E-06,-12.41608057E-03
+4.30700E-06,-11.12964842E-03
+4.30800E-06,-11.12964842E-03
+4.30900E-06,-11.12964842E-03
+4.31000E-06,-10.48643235E-03
+4.31100E-06,-9.84321628E-03
+4.31200E-06,-9.20000020E-03
+4.31300E-06,-8.55678413E-03
+4.31400E-06,-8.59698514E-03
+4.31500E-06,-7.31055299E-03
+4.31600E-06,-6.66733691E-03
+4.31700E-06,-6.66733691E-03
+4.31800E-06,-6.66733691E-03
+4.31900E-06,-6.62713591E-03
+4.32000E-06,-6.62713591E-03
+4.32100E-06,-4.73768869E-03
+4.32200E-06,-4.09447262E-03
+4.32300E-06,-3.45125655E-03
+4.32400E-06,-2.76783947E-03
+4.32500E-06,-2.76783947E-03
+4.32600E-06,-2.16482440E-03
+4.32700E-06,-2.76783947E-03
+4.32800E-06,-2.16482440E-03
+4.32900E-06,-878.39225E-06
+4.33000E-06,-838.19125E-06
+4.33100E-06,-235.17618E-06
+4.33200E-06,-194.97517E-06
+4.33300E-06,-194.97517E-06
+4.33400E-06,+448.24090E-06
+4.33500E-06,+1.09145697E-03
+4.33600E-06,+2.33768811E-03
+4.33700E-06,+2.37788912E-03
+4.33800E-06,+2.98090419E-03
+4.33900E-06,+3.62412026E-03
+4.34000E-06,+3.62412026E-03
+4.34100E-06,+2.37788912E-03
+4.34200E-06,+3.66432127E-03
+4.34300E-06,+3.02110519E-03
+4.34400E-06,+4.30753734E-03
+4.34500E-06,+5.55376848E-03
+4.34600E-06,+4.91055241E-03
+4.34700E-06,+6.19698456E-03
+4.34800E-06,+6.19698456E-03
+4.34900E-06,+6.19698456E-03
+4.35000E-06,+6.84020063E-03
+4.35100E-06,+6.23718556E-03
+4.35200E-06,+7.48341670E-03
+4.35300E-06,+7.52361771E-03
+4.35400E-06,+8.12663278E-03
+4.35500E-06,+8.12663278E-03
+4.35600E-06,+8.81004985E-03
+4.35700E-06,+8.81004985E-03
+4.35800E-06,+8.81004985E-03
+4.35900E-06,+8.81004985E-03
+4.36000E-06,+9.41306492E-03
+4.36100E-06,+10.09648200E-03
+4.36200E-06,+10.69949707E-03
+4.36300E-06,+11.34271314E-03
+4.36400E-06,+11.34271314E-03
+4.36500E-06,+10.73969807E-03
+4.36600E-06,+11.34271314E-03
+4.36700E-06,+10.09648200E-03
+4.36800E-06,+11.34271314E-03
+4.36900E-06,+12.02613022E-03
+4.37000E-06,+13.27236136E-03
+4.37100E-06,+13.27236136E-03
+4.37200E-06,+13.31256237E-03
+4.37300E-06,+13.27236136E-03
+4.37400E-06,+12.66934630E-03
+4.37500E-06,+12.66934630E-03
+4.37600E-06,+13.91557744E-03
+4.37700E-06,+13.95577844E-03
+4.37800E-06,+13.95577844E-03
+4.37900E-06,+14.59899452E-03
+4.38000E-06,+15.24221059E-03
+4.38100E-06,+15.20200958E-03
+4.38200E-06,+14.59899452E-03
+4.38300E-06,+13.95577844E-03
+4.38400E-06,+15.20200958E-03
+4.38500E-06,+15.24221059E-03
+4.38600E-06,+15.84522566E-03
+4.38700E-06,+14.59899452E-03
+4.38800E-06,+15.24221059E-03
+4.38900E-06,+15.20200958E-03
+4.39000E-06,+15.24221059E-03
+4.39100E-06,+14.59899452E-03
+4.39200E-06,+15.20200958E-03
+4.39300E-06,+15.88542666E-03
+4.39400E-06,+15.24221059E-03
+4.39500E-06,+15.20200958E-03
+4.39600E-06,+14.59899452E-03
+4.39700E-06,+14.55879351E-03
+4.39800E-06,+14.59899452E-03
+4.39900E-06,+13.31256237E-03
+4.40000E-06,+14.55879351E-03
+4.40100E-06,+15.20200958E-03
+4.40200E-06,+14.59899452E-03
+4.40300E-06,+14.55879351E-03
+4.40400E-06,+14.59899452E-03
+4.40500E-06,+13.95577844E-03
+4.40600E-06,+13.31256237E-03
+4.40700E-06,+12.66934630E-03
+4.40800E-06,+12.66934630E-03
+4.40900E-06,+12.66934630E-03
+4.41000E-06,+12.66934630E-03
+4.41100E-06,+12.66934630E-03
+4.41200E-06,+12.66934630E-03
+4.41300E-06,+11.38291415E-03
+4.41400E-06,+10.73969807E-03
+4.41500E-06,+10.09648200E-03
+4.41600E-06,+10.09648200E-03
+4.41700E-06,+10.73969807E-03
+4.41800E-06,+10.09648200E-03
+4.41900E-06,+9.45326593E-03
+4.42000E-06,+10.09648200E-03
+4.42100E-06,+9.41306492E-03
+4.42200E-06,+8.81004985E-03
+4.42300E-06,+7.52361771E-03
+4.42400E-06,+7.52361771E-03
+4.42500E-06,+7.52361771E-03
+4.42600E-06,+6.88040163E-03
+4.42700E-06,+6.88040163E-03
+4.42800E-06,+6.88040163E-03
+4.42900E-06,+6.23718556E-03
+4.43000E-06,+4.30753734E-03
+4.43100E-06,+4.95075341E-03
+4.43200E-06,+4.26733634E-03
+4.43300E-06,+3.66432127E-03
+4.43400E-06,+3.66432127E-03
+4.43500E-06,+3.02110519E-03
+4.43600E-06,+2.37788912E-03
+4.43700E-06,+1.73467305E-03
+4.43800E-06,+1.73467305E-03
+4.43900E-06,+448.24090E-06
+4.44000E-06,+448.24090E-06
+4.44100E-06,+1.05125597E-03
+4.44200E-06,+408.03989E-06
+4.44300E-06,-194.97517E-06
+4.44400E-06,-235.17618E-06
+4.44500E-06,-235.17618E-06
+4.44600E-06,-2.12462340E-03
+4.44700E-06,-2.76783947E-03
+4.44800E-06,-2.12462340E-03
+4.44900E-06,-2.12462340E-03
+4.45000E-06,-2.12462340E-03
+4.45100E-06,-2.12462340E-03
+4.45200E-06,-2.76783947E-03
+4.45300E-06,-3.41105554E-03
+4.45400E-06,-3.45125655E-03
+4.45500E-06,-4.69748769E-03
+4.45600E-06,-4.73768869E-03
+4.45700E-06,-5.34070376E-03
+4.45800E-06,-5.34070376E-03
+4.45900E-06,-5.34070376E-03
+4.46000E-06,-5.34070376E-03
+4.46100E-06,-6.02412084E-03
+4.46200E-06,-6.62713591E-03
+4.46300E-06,-6.62713591E-03
+4.46400E-06,-6.66733691E-03
+4.46500E-06,-6.62713591E-03
+4.46600E-06,-6.66733691E-03
+4.46700E-06,-6.66733691E-03
+4.46800E-06,-7.27035198E-03
+4.46900E-06,-7.91356806E-03
+4.47000E-06,-8.55678413E-03
+4.47100E-06,-8.55678413E-03
+4.47200E-06,-9.20000020E-03
+4.47300E-06,-8.59698514E-03
+4.47400E-06,-9.20000020E-03
+4.47500E-06,-9.80301527E-03
+4.47600E-06,-9.84321628E-03
+4.47700E-06,-9.84321628E-03
+4.47800E-06,-10.48643235E-03
+4.47900E-06,-11.08944742E-03
+4.48000E-06,-10.48643235E-03
+4.48100E-06,-11.08944742E-03
+4.48200E-06,-11.12964842E-03
+4.48300E-06,-11.12964842E-03
+4.48400E-06,-11.73266349E-03
+4.48500E-06,-12.37587957E-03
+4.48600E-06,-12.41608057E-03
+4.48700E-06,-13.01909564E-03
+4.48800E-06,-12.41608057E-03
+4.48900E-06,-11.77286450E-03
+4.49000E-06,-12.41608057E-03
+4.49100E-06,-12.41608057E-03
+4.49200E-06,-13.05929665E-03
+4.49300E-06,-13.05929665E-03
+4.49400E-06,-13.70251272E-03
+4.49500E-06,-14.30552779E-03
+4.49600E-06,-14.34572879E-03
+4.49700E-06,-14.34572879E-03
+4.49800E-06,-14.94874386E-03
+4.49900E-06,-14.98894487E-03
+4.50000E-06,-15.59195993E-03
+4.50100E-06,-15.63216094E-03
+4.50200E-06,-14.98894487E-03
+4.50300E-06,-16.27537701E-03
+4.50400E-06,-16.87839208E-03
+4.50500E-06,-16.27537701E-03
+4.50600E-06,-16.27537701E-03
+4.50700E-06,-16.27537701E-03
+4.50800E-06,-16.27537701E-03
+4.50900E-06,-16.91859309E-03
+4.51000E-06,-16.91859309E-03
+4.51100E-06,-17.52160816E-03
+4.51200E-06,-16.27537701E-03
+4.51300E-06,-16.27537701E-03
+4.51400E-06,-16.27537701E-03
+4.51500E-06,-16.27537701E-03
+4.51600E-06,-16.27537701E-03
+4.51700E-06,-16.27537701E-03
+4.51800E-06,-16.27537701E-03
+4.51900E-06,-16.27537701E-03
+4.52000E-06,-15.63216094E-03
+4.52100E-06,-14.98894487E-03
+4.52200E-06,-14.98894487E-03
+4.52300E-06,-14.34572879E-03
+4.52400E-06,-14.34572879E-03
+4.52500E-06,-14.34572879E-03
+4.52600E-06,-14.98894487E-03
+4.52700E-06,-14.98894487E-03
+4.52800E-06,-13.70251272E-03
+4.52900E-06,-13.05929665E-03
+4.53000E-06,-11.77286450E-03
+4.53100E-06,-12.41608057E-03
+4.53200E-06,-11.77286450E-03
+4.53300E-06,-11.77286450E-03
+4.53400E-06,-12.41608057E-03
+4.53500E-06,-12.37587957E-03
+4.53600E-06,-11.12964842E-03
+4.53700E-06,-10.48643235E-03
+4.53800E-06,-9.84321628E-03
+4.53900E-06,-9.20000020E-03
+4.54000E-06,-9.20000020E-03
+4.54100E-06,-8.59698514E-03
+4.54200E-06,-8.55678413E-03
+4.54300E-06,-8.55678413E-03
+4.54400E-06,-7.95376906E-03
+4.54500E-06,-7.27035198E-03
+4.54600E-06,-6.62713591E-03
+4.54700E-06,-5.98391984E-03
+4.54800E-06,-5.34070376E-03
+4.54900E-06,-5.34070376E-03
+4.55000E-06,-4.69748769E-03
+4.55100E-06,-3.45125655E-03
+4.55200E-06,-3.45125655E-03
+4.55300E-06,-2.16482440E-03
+4.55400E-06,-2.16482440E-03
+4.55500E-06,-1.48140732E-03
+4.55600E-06,-878.39225E-06
+4.55700E-06,-235.17618E-06
+4.55800E-06,-235.17618E-06
+4.55900E-06,-194.97517E-06
+4.56000E-06,+408.03989E-06
+4.56100E-06,+1.05125597E-03
+4.56200E-06,+2.33768811E-03
+4.56300E-06,+2.33768811E-03
+4.56400E-06,+3.02110519E-03
+4.56500E-06,+2.98090419E-03
+4.56600E-06,+3.02110519E-03
+4.56700E-06,+3.02110519E-03
+4.56800E-06,+3.62412026E-03
+4.56900E-06,+5.55376848E-03
+4.57000E-06,+4.95075341E-03
+4.57100E-06,+5.59396949E-03
+4.57200E-06,+6.23718556E-03
+4.57300E-06,+6.19698456E-03
+4.57400E-06,+6.23718556E-03
+4.57500E-06,+6.23718556E-03
+4.57600E-06,+7.48341670E-03
+4.57700E-06,+8.76984885E-03
+4.57800E-06,+8.16683378E-03
+4.57900E-06,+8.81004985E-03
+4.58000E-06,+8.16683378E-03
+4.58100E-06,+8.76984885E-03
+4.58200E-06,+9.41306492E-03
+4.58300E-06,+8.81004985E-03
+4.58400E-06,+10.05628100E-03
+4.58500E-06,+11.34271314E-03
+4.58600E-06,+11.98592922E-03
+4.58700E-06,+11.98592922E-03
+4.58800E-06,+12.02613022E-03
+4.58900E-06,+12.62914529E-03
+4.59000E-06,+12.66934630E-03
+4.59100E-06,+12.02613022E-03
+4.59200E-06,+12.66934630E-03
+4.59300E-06,+13.27236136E-03
+4.59400E-06,+13.95577844E-03
+4.59500E-06,+13.95577844E-03
+4.59600E-06,+13.95577844E-03
+4.59700E-06,+14.55879351E-03
+4.59800E-06,+13.95577844E-03
+4.59900E-06,+14.59899452E-03
+4.60000E-06,+15.20200958E-03
+4.60100E-06,+15.84522566E-03
+4.60200E-06,+15.88542666E-03
+4.60300E-06,+15.88542666E-03
+4.60400E-06,+16.48844173E-03
+4.60500E-06,+16.48844173E-03
+4.60600E-06,+16.52864274E-03
+4.60700E-06,+16.52864274E-03
+4.60800E-06,+17.13165781E-03
+4.60900E-06,+17.77487388E-03
+4.61000E-06,+17.77487388E-03
+4.61100E-06,+18.45829096E-03
+4.61200E-06,+18.41808995E-03
+4.61300E-06,+18.41808995E-03
+4.61400E-06,+18.45829096E-03
+4.61500E-06,+18.45829096E-03
+4.61600E-06,+18.45829096E-03
+4.61700E-06,+19.70452210E-03
+4.61800E-06,+19.70452210E-03
+4.61900E-06,+20.34773817E-03
+4.62000E-06,+20.38793918E-03
+4.62100E-06,+20.34773817E-03
+4.62200E-06,+20.38793918E-03
+4.62300E-06,+19.10150703E-03
+4.62400E-06,+19.74472310E-03
+4.62500E-06,+20.34773817E-03
+4.62600E-06,+20.38793918E-03
+4.62700E-06,+20.99095425E-03
+4.62800E-06,+20.38793918E-03
+4.62900E-06,+20.38793918E-03
+4.63000E-06,+20.38793918E-03
+4.63100E-06,+19.74472310E-03
+4.63200E-06,+20.34773817E-03
+4.63300E-06,+20.34773817E-03
+4.63400E-06,+20.38793918E-03
+4.63500E-06,+20.38793918E-03
+4.63600E-06,+20.38793918E-03
+4.63700E-06,+19.74472310E-03
+4.63800E-06,+19.74472310E-03
+4.63900E-06,+18.45829096E-03
+4.64000E-06,+18.45829096E-03
+4.64100E-06,+19.10150703E-03
+4.64200E-06,+19.70452210E-03
+4.64300E-06,+19.70452210E-03
+4.64400E-06,+19.06130603E-03
+4.64500E-06,+18.45829096E-03
+4.64600E-06,+17.81507488E-03
+4.64700E-06,+17.17185881E-03
+4.64800E-06,+17.17185881E-03
+4.64900E-06,+17.81507488E-03
+4.65000E-06,+17.77487388E-03
+4.65100E-06,+17.17185881E-03
+4.65200E-06,+17.17185881E-03
+4.65300E-06,+16.52864274E-03
+4.65400E-06,+16.52864274E-03
+4.65500E-06,+15.24221059E-03
+4.65600E-06,+15.24221059E-03
+4.65700E-06,+15.84522566E-03
+4.65800E-06,+15.20200958E-03
+4.65900E-06,+15.24221059E-03
+4.66000E-06,+14.59899452E-03
+4.66100E-06,+13.95577844E-03
+4.66200E-06,+13.95577844E-03
+4.66300E-06,+12.02613022E-03
+4.66400E-06,+12.02613022E-03
+4.66500E-06,+12.02613022E-03
+4.66600E-06,+11.98592922E-03
+4.66700E-06,+12.02613022E-03
+4.66800E-06,+11.38291415E-03
+4.66900E-06,+11.34271314E-03
+4.67000E-06,+10.09648200E-03
+4.67100E-06,+9.45326593E-03
+4.67200E-06,+9.41306492E-03
+4.67300E-06,+8.81004985E-03
+4.67400E-06,+8.12663278E-03
+4.67500E-06,+7.52361771E-03
+4.67600E-06,+6.88040163E-03
+4.67700E-06,+6.23718556E-03
+4.67800E-06,+5.59396949E-03
+4.67900E-06,+4.30753734E-03
+4.68000E-06,+4.91055241E-03
+4.68100E-06,+4.91055241E-03
+4.68200E-06,+4.91055241E-03
+4.68300E-06,+4.30753734E-03
+4.68400E-06,+4.30753734E-03
+4.68500E-06,+3.02110519E-03
+4.68600E-06,+2.37788912E-03
+4.68700E-06,+1.73467305E-03
+4.68800E-06,+1.69447204E-03
+4.68900E-06,+2.33768811E-03
+4.69000E-06,+2.33768811E-03
+4.69100E-06,+1.09145697E-03
+4.69200E-06,+1.09145697E-03
+4.69300E-06,+1.09145697E-03
+4.69400E-06,+448.24090E-06
+4.69500E-06,-838.19125E-06
+4.69600E-06,-838.19125E-06
+4.69700E-06,-878.39225E-06
+4.69800E-06,-838.19125E-06
+4.69900E-06,-1.48140732E-03
+4.70000E-06,-878.39225E-06
+4.70100E-06,-2.12462340E-03
+4.70200E-06,-2.16482440E-03
+4.70300E-06,-3.41105554E-03
+4.70400E-06,-2.80804047E-03
+4.70500E-06,-3.41105554E-03
+4.70600E-06,-3.45125655E-03
+4.70700E-06,-3.45125655E-03
+4.70800E-06,-4.05427162E-03
+4.70900E-06,-4.69748769E-03
+4.71000E-06,-4.05427162E-03
+4.71100E-06,-5.98391984E-03
+4.71200E-06,-5.38090477E-03
+4.71300E-06,-5.34070376E-03
+4.71400E-06,-5.98391984E-03
+4.71500E-06,-5.38090477E-03
+4.71600E-06,-5.98391984E-03
+4.71700E-06,-6.02412084E-03
+4.71800E-06,-7.27035198E-03
+4.71900E-06,-7.91356806E-03
+4.72000E-06,-7.27035198E-03
+4.72100E-06,-7.91356806E-03
+4.72200E-06,-7.91356806E-03
+4.72300E-06,-7.91356806E-03
+4.72400E-06,-7.95376906E-03
+4.72500E-06,-8.59698514E-03
+4.72600E-06,-9.20000020E-03
+4.72700E-06,-9.20000020E-03
+4.72800E-06,-9.20000020E-03
+4.72900E-06,-9.20000020E-03
+4.73000E-06,-9.20000020E-03
+4.73100E-06,-9.80301527E-03
+4.73200E-06,-9.80301527E-03
+4.73300E-06,-10.48643235E-03
+4.73400E-06,-11.08944742E-03
+4.73500E-06,-11.73266349E-03
+4.73600E-06,-11.77286450E-03
+4.73700E-06,-11.12964842E-03
+4.73800E-06,-11.12964842E-03
+4.73900E-06,-11.12964842E-03
+4.74000E-06,-11.77286450E-03
+4.74100E-06,-12.41608057E-03
+4.74200E-06,-13.01909564E-03
+4.74300E-06,-13.66231171E-03
+4.74400E-06,-13.05929665E-03
+4.74500E-06,-13.05929665E-03
+4.74600E-06,-13.66231171E-03
+4.74700E-06,-13.70251272E-03
+4.74800E-06,-13.70251272E-03
+4.74900E-06,-14.30552779E-03
+4.75000E-06,-14.34572879E-03
+4.75100E-06,-14.94874386E-03
+4.75200E-06,-13.70251272E-03
+4.75300E-06,-13.70251272E-03
+4.75400E-06,-13.70251272E-03
+4.75500E-06,-13.70251272E-03
+4.75600E-06,-14.30552779E-03
+4.75700E-06,-14.34572879E-03
+4.75800E-06,-13.70251272E-03
+4.75900E-06,-14.30552779E-03
+4.76000E-06,-13.05929665E-03
+4.76100E-06,-12.41608057E-03
+4.76200E-06,-13.01909564E-03
+4.76300E-06,-13.05929665E-03
+4.76400E-06,-12.41608057E-03
+4.76500E-06,-12.41608057E-03
+4.76600E-06,-11.77286450E-03
+4.76700E-06,-13.01909564E-03
+4.76800E-06,-11.77286450E-03
+4.76900E-06,-11.12964842E-03
+4.77000E-06,-11.12964842E-03
+4.77100E-06,-10.48643235E-03
+4.77200E-06,-10.48643235E-03
+4.77300E-06,-10.48643235E-03
+4.77400E-06,-10.48643235E-03
+4.77500E-06,-10.48643235E-03
+4.77600E-06,-9.20000020E-03
+4.77700E-06,-7.95376906E-03
+4.77800E-06,-7.95376906E-03
+4.77900E-06,-7.31055299E-03
+4.78000E-06,-6.66733691E-03
+4.78100E-06,-6.66733691E-03
+4.78200E-06,-6.62713591E-03
+4.78300E-06,-7.27035198E-03
+4.78400E-06,-5.38090477E-03
+4.78500E-06,-5.38090477E-03
+4.78600E-06,-4.73768869E-03
+4.78700E-06,-4.73768869E-03
+4.78800E-06,-3.45125655E-03
+4.78900E-06,-3.45125655E-03
+4.79000E-06,-2.80804047E-03
+4.79100E-06,-3.41105554E-03
+4.79200E-06,-1.52160833E-03
+4.79300E-06,-878.39225E-06
+4.79400E-06,-235.17618E-06
+4.79500E-06,-194.97517E-06
+4.79600E-06,-194.97517E-06
+4.79700E-06,+408.03989E-06
+4.79800E-06,+448.24090E-06
+4.79900E-06,+448.24090E-06
+4.80000E-06,+1.69447204E-03
+4.80100E-06,+2.33768811E-03
+4.80200E-06,+2.98090419E-03
+4.80300E-06,+3.66432127E-03
+4.80400E-06,+3.66432127E-03
+4.80500E-06,+4.30753734E-03
+4.80600E-06,+4.30753734E-03
+4.80700E-06,+4.30753734E-03
+4.80800E-06,+4.95075341E-03
+4.80900E-06,+6.19698456E-03
+4.81000E-06,+6.19698456E-03
+4.81100E-06,+6.88040163E-03
+4.81200E-06,+6.88040163E-03
+4.81300E-06,+6.88040163E-03
+4.81400E-06,+7.48341670E-03
+4.81500E-06,+7.52361771E-03
+4.81600E-06,+8.76984885E-03
+4.81700E-06,+8.81004985E-03
+4.81800E-06,+8.81004985E-03
+4.81900E-06,+9.41306492E-03
+4.82000E-06,+9.41306492E-03
+4.82100E-06,+10.05628100E-03
+4.82200E-06,+10.09648200E-03
+4.82300E-06,+10.73969807E-03
+4.82400E-06,+10.73969807E-03
+4.82500E-06,+11.34271314E-03
+4.82600E-06,+11.98592922E-03
+4.82700E-06,+11.38291415E-03
+4.82800E-06,+12.02613022E-03
+4.82900E-06,+12.62914529E-03
+4.83000E-06,+11.98592922E-03
+4.83100E-06,+12.66934630E-03
+4.83200E-06,+13.27236136E-03
+4.83300E-06,+13.31256237E-03
+4.83400E-06,+14.55879351E-03
+4.83500E-06,+14.55879351E-03
+4.83600E-06,+13.95577844E-03
+4.83700E-06,+14.59899452E-03
+4.83800E-06,+13.95577844E-03
+4.83900E-06,+13.95577844E-03
+4.84000E-06,+14.55879351E-03
+4.84100E-06,+15.20200958E-03
+4.84200E-06,+15.24221059E-03
+4.84300E-06,+15.24221059E-03
+4.84400E-06,+15.88542666E-03
+4.84500E-06,+16.48844173E-03
+4.84600E-06,+15.88542666E-03
+4.84700E-06,+15.88542666E-03
+4.84800E-06,+16.48844173E-03
+4.84900E-06,+17.77487388E-03
+4.85000E-06,+18.41808995E-03
+4.85100E-06,+18.41808995E-03
+4.85200E-06,+19.06130603E-03
+4.85300E-06,+18.41808995E-03
+4.85400E-06,+17.81507488E-03
+4.85500E-06,+18.45829096E-03
+4.85600E-06,+19.06130603E-03
+4.85700E-06,+19.70452210E-03
+4.85800E-06,+19.10150703E-03
+4.85900E-06,+19.10150703E-03
+4.86000E-06,+19.70452210E-03
+4.86100E-06,+19.70452210E-03
+4.86200E-06,+19.74472310E-03
+4.86300E-06,+19.10150703E-03
+4.86400E-06,+19.70452210E-03
+4.86500E-06,+19.74472310E-03
+4.86600E-06,+19.74472310E-03
+4.86700E-06,+19.74472310E-03
+4.86800E-06,+19.06130603E-03
+4.86900E-06,+19.06130603E-03
+4.87000E-06,+19.06130603E-03
+4.87100E-06,+19.10150703E-03
+4.87200E-06,+19.10150703E-03
+4.87300E-06,+19.70452210E-03
+4.87400E-06,+19.74472310E-03
+4.87500E-06,+19.74472310E-03
+4.87600E-06,+19.10150703E-03
+4.87700E-06,+19.06130603E-03
+4.87800E-06,+19.10150703E-03
+4.87900E-06,+17.81507488E-03
+4.88000E-06,+17.81507488E-03
+4.88100E-06,+17.81507488E-03
+4.88200E-06,+17.81507488E-03
+4.88300E-06,+17.77487388E-03
+4.88400E-06,+17.81507488E-03
+4.88500E-06,+17.81507488E-03
+4.88600E-06,+16.52864274E-03
+4.88700E-06,+15.88542666E-03
+4.88800E-06,+15.88542666E-03
+4.88900E-06,+16.48844173E-03
+4.89000E-06,+16.48844173E-03
+4.89100E-06,+15.88542666E-03
+4.89200E-06,+15.88542666E-03
+4.89300E-06,+15.24221059E-03
+4.89400E-06,+15.24221059E-03
+4.89500E-06,+14.59899452E-03
+4.89600E-06,+13.95577844E-03
+4.89700E-06,+13.95577844E-03
+4.89800E-06,+13.91557744E-03
+4.89900E-06,+13.31256237E-03
+4.90000E-06,+13.31256237E-03
+4.90100E-06,+12.02613022E-03
+4.90200E-06,+12.02613022E-03
+4.90300E-06,+10.73969807E-03
+4.90400E-06,+11.34271314E-03
+4.90500E-06,+11.34271314E-03
+4.90600E-06,+10.69949707E-03
+4.90700E-06,+10.73969807E-03
+4.90800E-06,+10.09648200E-03
+4.90900E-06,+9.41306492E-03
+4.91000E-06,+8.16683378E-03
+4.91100E-06,+7.52361771E-03
+4.91200E-06,+6.88040163E-03
+4.91300E-06,+6.88040163E-03
+4.91400E-06,+6.84020063E-03
+4.91500E-06,+5.59396949E-03
+4.91600E-06,+5.59396949E-03
+4.91700E-06,+4.30753734E-03
+4.91800E-06,+4.30753734E-03
+4.91900E-06,+3.66432127E-03
+4.92000E-06,+3.66432127E-03
+4.92100E-06,+3.02110519E-03
+4.92200E-06,+2.98090419E-03
+4.92300E-06,+2.98090419E-03
+4.92400E-06,+2.37788912E-03
+4.92500E-06,+1.69447204E-03
+4.92600E-06,+1.09145697E-03
+4.92700E-06,-838.19125E-06
+4.92800E-06,+408.03989E-06
+4.92900E-06,-194.97517E-06
+4.93000E-06,-194.97517E-06
+4.93100E-06,-194.97517E-06
+4.93200E-06,-235.17618E-06
+4.93300E-06,-235.17618E-06
+4.93400E-06,-1.48140732E-03
+4.93500E-06,-2.76783947E-03
+4.93600E-06,-2.76783947E-03
+4.93700E-06,-2.76783947E-03
+4.93800E-06,-2.80804047E-03
+4.93900E-06,-3.41105554E-03
+4.94000E-06,-3.41105554E-03
+4.94100E-06,-4.05427162E-03
+4.94200E-06,-4.69748769E-03
+4.94300E-06,-5.34070376E-03
+4.94400E-06,-5.34070376E-03
+4.94500E-06,-5.34070376E-03
+4.94600E-06,-5.98391984E-03
+4.94700E-06,-5.98391984E-03
+4.94800E-06,-5.98391984E-03
+4.94900E-06,-7.91356806E-03
+4.95000E-06,-7.91356806E-03
+4.95100E-06,-8.55678413E-03
+4.95200E-06,-7.95376906E-03
+4.95300E-06,-7.91356806E-03
+4.95400E-06,-8.55678413E-03
+4.95500E-06,-8.55678413E-03
+4.95600E-06,-9.20000020E-03
+4.95700E-06,-9.20000020E-03
+4.95800E-06,-9.80301527E-03
+4.95900E-06,-10.48643235E-03
+4.96000E-06,-11.08944742E-03
+4.96100E-06,-10.48643235E-03
+4.96200E-06,-11.08944742E-03
+4.96300E-06,-10.48643235E-03
+4.96400E-06,-10.48643235E-03
+4.96500E-06,-11.12964842E-03
+4.96600E-06,-12.41608057E-03
+4.96700E-06,-13.66231171E-03
+4.96800E-06,-13.05929665E-03
+4.96900E-06,-13.05929665E-03
+4.97000E-06,-13.05929665E-03
+4.97100E-06,-13.05929665E-03
+4.97200E-06,-13.05929665E-03
+4.97300E-06,-14.30552779E-03
+4.97400E-06,-13.70251272E-03
+4.97500E-06,-14.94874386E-03
+4.97600E-06,-14.98894487E-03
+4.97700E-06,-14.98894487E-03
+4.97800E-06,-14.98894487E-03
+4.97900E-06,-15.63216094E-03
+4.98000E-06,-15.63216094E-03
+4.98100E-06,-16.27537701E-03
+4.98200E-06,-16.27537701E-03
+4.98300E-06,-18.16482423E-03
+4.98400E-06,-16.91859309E-03
+4.98500E-06,-16.91859309E-03
+4.98600E-06,-17.56180916E-03
+4.98700E-06,-17.56180916E-03
+4.98800E-06,-17.56180916E-03
+4.98900E-06,-18.20502523E-03
+4.99000E-06,-18.80804030E-03
+4.99100E-06,-19.45125638E-03
+4.99200E-06,-18.20502523E-03
+4.99300E-06,-18.20502523E-03
+4.99400E-06,-18.20502523E-03
+4.99500E-06,-18.80804030E-03
+4.99600E-06,-18.20502523E-03
+4.99700E-06,-18.84824131E-03
+4.99800E-06,-18.80804030E-03
+4.99900E-06,-20.09447245E-03
